[ 5.5        95.5       ]
 [ 6.49812235 81.5       ]
 [ 6.29216959 67.5       ]
 [16.48275954 53.49999997]
 [26.5813737  39.50000065]
 [26.5        25.5       ]
 [26.33172205 11.49903229]
 [37.51878585  7.37851167]
 [51.61423112 20.46733254]
 [59.08559014 32.37251043]
[59.         34.75      ]
 [59.         33.25      ]
 [59.         32.        ]
 [59.30478164 29.95262807]
 [60.39766174 27.84337859]
 [63.04391791 24.78460308]
 [64.41227499 22.77819409]
 [64.96984357 20.75385256]
 [65.         19.75      ]
 [65.         18.25      ]