[ 1.5        91.5       ]
 [ 2.48796757 73.56642068]
 [ 6.29732842 55.63284234]
 [22.29287126 37.69912238]
 [22.50355774 19.74437978]
 [33.14534119  6.45304196]
 [40.49718302 20.07878225]
 [41.50430123 38.03498561]
 [41.50016589 55.96942867]
 [41.52968877 73.99128267]
[41.         82.75      ]
 [41.         81.25      ]
 [41.         80.        ]
 [40.69521836 77.95262807]
 [39.60233826 75.84337859]
 [36.95608209 72.78460308]
 [35.58772501 70.77819409]
 [35.03015643 68.75385256]
 [35.         67.75      ]
 [35.         66.25      ]