[10.5        91.5       ]
 [11.49737172 75.50000001]
 [12.26633119 59.49999936]
 [21.57485161 43.50004224]
 [21.4935302  27.4982332 ]
 [23.5        11.5       ]
 [38.96831295  8.22063553]
 [40.38527168 24.50659626]
 [41.4814427  40.50531192]
 [41.08286696 55.50555036]
[41.         58.75      ]
 [41.         57.25      ]
 [41.         56.        ]
 [40.69521836 53.95262807]
 [39.60233826 51.84337859]
 [36.95608209 48.78460308]
 [35.58772501 46.77819409]
 [35.03015643 44.75385256]
 [35.         43.75      ]
 [35.         42.25      ]