[14.5        97.5       ]
 [15.490281   80.13358778]
 [18.26000165 62.76717562]
 [26.44624609 45.40079178]
 [26.50014061 28.03342345]
 [26.53220157 10.41331937]
 [41.70744121 10.56831332]
 [53.49372619 28.06272629]
 [53.51445339 45.43234155]
 [57.09455738 62.92128977]
[59.         70.75      ]
 [59.         69.25      ]
 [59.         68.        ]
 [59.30478164 65.95262807]
 [60.39766174 63.84337859]
 [63.04391791 60.78460308]
 [64.41227499 58.77819409]
 [64.96984357 56.75385256]
 [65.         55.75      ]
 [65.         54.25      ]