[ 3.5        91.5       ]
 [ 4.53428312 67.16896548]
 [21.152474   42.83797025]
 [26.5223618  18.47632422]
 [40.80419736  9.48843887]
 [59.49399773 34.15564638]
 [59.49980674 58.48623938]
 [59.54193457 82.81040321]
 [79.36406247 90.85083502]
 [80.51132229 66.50784026]
[81.         53.        ]
 [81.         54.5       ]
 [81.         56.        ]
 [80.69521836 58.04737193]
 [79.60233826 60.15662141]
 [76.95608209 63.21539692]
 [75.58772501 65.22180591]
 [75.03015643 67.24614744]
 [75.         68.        ]
 [75.         69.5       ]