[ 0.5        92.5       ]
 [15.64472049 73.03356283]
 [23.57585935 53.56712771]
 [23.4989878  34.10115928]
 [23.18423877 14.72644198]
 [39.39950849  8.42087378]
 [51.38841284 28.29642815]
 [51.49931791 47.76505424]
 [51.48301784 67.23195029]
 [56.58592454 86.71910967]
[59.         94.75      ]
 [59.         93.25      ]
 [59.         92.        ]
 [59.30478164 89.95262807]
 [60.39766174 87.84337859]
 [63.04391791 84.78460308]
 [64.41227499 82.77819409]
 [64.96984357 80.75385256]
 [65.         79.75      ]
 [65.         78.25      ]