[ 5.5        90.5       ]
 [ 6.48726462 72.46660482]
 [10.44652468 54.43320963]
 [20.49733764 36.39981572]
 [20.23701976 18.36668715]
 [34.69222586  6.53688716]
 [40.62841125 21.68836335]
 [41.47476569 39.73367763]
 [41.50032856 57.76797012]
 [41.54670797 76.0115087 ]
[41.         82.75      ]
 [41.         81.25      ]
 [41.         80.        ]
 [40.69521836 77.95262807]
 [39.60233826 75.84337859]
 [36.95608209 72.78460308]
 [35.58772501 70.77819409]
 [35.03015643 68.75385256]
 [35.         67.75      ]
 [35.         66.25      ]