[10.5        91.5       ]
 [11.48800922 72.2698962 ]
 [16.13102296 53.03979534]
 [19.23967838 33.8102588 ]
 [20.62522842 14.66693677]
 [39.01521204  8.34918463]
 [40.55736984 27.8799226 ]
 [41.50104097 47.11073024]
 [41.49995444 66.34035116]
 [41.4858358  85.46399336]
[41.         94.75      ]
 [41.         93.25      ]
 [41.         92.        ]
 [40.69521836 89.95262807]
 [39.60233826 87.84337859]
 [36.95608209 84.78460308]
 [35.58772501 82.77819409]
 [35.03015643 80.75385256]
 [35.         79.75      ]
 [35.         78.25      ]