[11.5        95.5       ]
 [11.49955777 75.13355047]
 [11.30623421 54.76709279]
 [ 3.49679925 34.39816289]
 [12.99181114 21.0362015 ]
 [33.35473174  6.16458089]
 [46.388097   22.69860491]
 [46.50055488 43.06514453]
 [46.92469034 63.43126813]
 [55.86276244 83.73461856]
[59.         94.75      ]
 [59.         93.25      ]
 [59.         92.        ]
 [59.30478164 89.95262807]
 [60.39766174 87.84337859]
 [63.04391791 84.78460308]
 [64.41227499 82.77819409]
 [64.96984357 80.75385256]
 [65.         79.75      ]
 [65.         78.25      ]