[ 3.5        98.5       ]
 [14.48123864 84.46658711]
 [15.94697625 70.43317419]
 [25.69422368 56.3997627 ]
 [25.6882419  42.36630998]
 [26.50190206 28.33318376]
 [26.57960884 14.34294139]
 [34.81560949  6.11165743]
 [48.71273588 17.78260447]
 [58.70540977 31.28555264]
[59.         34.75      ]
 [59.         33.25      ]
 [59.         32.        ]
 [59.30478164 29.95262807]
 [60.39766174 27.84337859]
 [63.04391791 24.78460308]
 [64.41227499 22.77819409]
 [64.96984357 20.75385256]
 [65.         19.75      ]
 [65.         18.25      ]