[ 8.5        94.5       ]
 [ 9.29195944 66.56650837]
 [26.43719184 38.6330703 ]
 [26.2195521  10.59632132]
 [52.20812754 21.22563565]
 [54.50014824 49.16745872]
 [54.1973905  77.09313246]
 [78.77846383 93.14555034]
 [80.49870331 65.03177025]
 [80.4978689  37.09750947]
[81.         17.        ]
 [81.         18.5       ]
 [81.         20.        ]
 [80.69521836 22.04737193]
 [79.60233826 24.15662141]
 [76.95608209 27.21539692]
 [75.58772501 29.22180591]
 [75.03015643 31.24614744]
 [75.         32.        ]
 [75.         33.5       ]