[ 2.5        97.5       ]
 [ 3.49586202 81.2704918 ]
 [ 4.57092037 65.04098377]
 [20.57556229 48.81146691]
 [21.50080074 32.58201222]
 [21.49980011 16.39471316]
 [35.0725005   6.12178557]
 [40.44374139 20.08942538]
 [41.49839203 36.33647215]
 [41.5219725  52.73245554]
[41.         58.75      ]
 [41.         57.25      ]
 [41.         56.        ]
 [40.69521836 53.95262807]
 [39.60233826 51.84337859]
 [36.95608209 48.78460308]
 [35.58772501 46.77819409]
 [35.03015643 44.75385256]
 [35.         43.75      ]
 [35.         42.25      ]