[ 3.5        99.5       ]
 [ 3.500001   83.60147992]
 [ 3.4998929  67.70295939]
 [ 3.50749607 51.80447034]
 [ 2.74869662 35.90436902]
 [ 2.50161105 20.04978539]
 [13.88206973 13.50914516]
 [29.77604123  6.06383334]
 [41.70520376 14.77436091]
 [41.54979452 30.9844564 ]
[41.         34.75      ]
 [41.         33.25      ]
 [41.         32.        ]
 [40.69521836 29.95262807]
 [39.60233826 27.84337859]
 [36.95608209 24.78460308]
 [35.58772501 22.77819409]
 [35.03015643 20.75385256]
 [35.         19.75      ]
 [35.         18.25      ]