[13.5        98.5       ]
 [16.49802157 79.60124334]
 [17.59229019 60.70248624]
 [17.49944006 41.80367151]
 [17.43068605 22.90132234]
 [30.97587251  6.61367383]
 [40.42760784 18.89274716]
 [41.50776881 37.79130757]
 [41.50016487 56.69102361]
 [41.50152388 75.60031511]
[41.         82.75      ]
 [41.         81.25      ]
 [41.         80.        ]
 [40.69521836 77.95262807]
 [39.60233826 75.84337859]
 [36.95608209 72.78460308]
 [35.58772501 70.77819409]
 [35.03015643 68.75385256]
 [35.         67.75      ]
 [35.         66.25      ]