[ 9.5        91.5       ]
 [23.87896262 74.70158104]
 [26.6783297  57.90316129]
 [26.50068015 41.10472105]
 [26.49348554 24.31332807]
 [27.83666644  7.16359623]
 [42.14464602 13.35502513]
 [55.77828459 30.08726797]
 [57.3139971  46.88830589]
 [57.67357028 63.83560761]
[59.         70.75      ]
 [59.         69.25      ]
 [59.         68.        ]
 [59.30478164 65.95262807]
 [60.39766174 63.84337859]
 [63.04391791 60.78460308]
 [64.41227499 58.77819409]
 [64.96984357 56.75385256]
 [65.         55.75      ]
 [65.         54.25      ]