[ 8.5        90.5       ]
 [18.57361411 76.03364269]
 [19.715369   61.56728538]
 [26.4865167  47.10092819]
 [26.49927524 32.63456466]
 [26.54977218 18.16849944]
 [31.20854117  6.11023697]
 [45.30213221 14.82063331]
 [54.51198848 29.2363757 ]
 [58.54707048 43.61826733]
[59.         46.75      ]
 [59.         45.25      ]
 [59.         44.        ]
 [59.30478164 41.95262807]
 [60.39766174 39.84337859]
 [63.04391791 36.78460308]
 [64.41227499 34.77819409]
 [64.96984357 32.75385256]
 [65.         31.75      ]
 [65.         30.25      ]