[ 2.5        96.5       ]
 [ 5.48985926 82.60169492]
 [ 5.08483709 68.70338977]
 [17.10683766 54.80508681]
 [26.49693455 40.9067452 ]
 [26.50095731 27.00738066]
 [26.39432936 13.22238381]
 [36.11683573  6.68586765]
 [39.65408354 18.67794858]
 [41.4925192  32.54385064]
[41.         34.75      ]
 [41.         33.25      ]
 [41.         32.        ]
 [40.69521836 29.95262807]
 [39.60233826 27.84337859]
 [36.95608209 24.78460308]
 [35.58772501 22.77819409]
 [35.03015643 20.75385256]
 [35.         19.75      ]
 [35.         18.25      ]