[ 2.5        98.5       ]
 [ 5.4916553  84.46658711]
 [ 5.07714956 70.43317419]
 [17.49985513 56.3997627 ]
 [26.49518558 42.36630998]
 [26.50047377 28.33318376]
 [26.5794405  14.34294139]
 [34.81561702  6.11165743]
 [48.71273568 17.78260447]
 [58.70540977 31.28555264]
[59.         34.75      ]
 [59.         33.25      ]
 [59.         32.        ]
 [59.30478164 29.95262807]
 [60.39766174 27.84337859]
 [63.04391791 24.78460308]
 [64.41227499 22.77819409]
 [64.96984357 20.75385256]
 [65.         19.75      ]
 [65.         18.25      ]