[ 6.5        90.5       ]
 [ 3.92159755 72.50000022]
 [ 5.24788395 54.50001629]
 [ 8.51281553 36.49825604]
 [ 8.92843904 18.16661037]
 [25.5         9.5       ]
 [42.30465648 12.40877329]
 [49.83102947 30.49953369]
 [59.53574769 48.49883715]
 [59.30948776 66.18084851]
[59.         70.75      ]
 [59.         69.25      ]
 [59.         68.        ]
 [59.30478164 65.95262807]
 [60.39766174 63.84337859]
 [63.04391791 60.78460308]
 [64.41227499 58.77819409]
 [64.96984357 56.75385256]
 [65.         55.75      ]
 [65.         54.25      ]