[ 2.5        92.5       ]
 [ 3.50009817 63.49999326]
 [ 3.4983675  34.47737818]
 [21.50605942 13.4146282 ]
 [50.4555909  19.48658016]
 [59.5        48.5       ]
 [59.54482125 77.49462561]
 [78.96554796 91.83775627]
 [80.49928093 62.50015301]
 [84.02229234 33.49383415]
[89.         17.        ]
 [89.         18.5       ]
 [89.         20.        ]
 [89.30478164 22.04737193]
 [90.39766174 24.15662141]
 [93.04391791 27.21539692]
 [94.41227499 29.22180591]
 [94.96984357 31.24614744]
 [95.         32.        ]
 [95.         33.5       ]