[14.5        92.5       ]
 [15.48484251 75.46660119]
 [18.04451837 58.43320185]
 [18.49402622 41.39974779]
 [18.58476724 24.37309505]
 [27.66314313  7.40521666]
 [40.03096853 13.81271014]
 [40.42863861 30.73313761]
 [41.50652824 47.7648625 ]
 [41.55229466 65.03724832]
[41.         70.75      ]
 [41.         69.25      ]
 [41.         68.        ]
 [40.69521836 65.95262807]
 [39.60233826 63.84337859]
 [36.95608209 60.78460308]
 [35.58772501 58.77819409]
 [35.03015643 56.75385256]
 [35.         55.75      ]
 [35.         54.25      ]