[13.5        96.5       ]
 [20.47067164 80.17010309]
 [20.50068953 63.8402064 ]
 [20.49371217 47.51030012]
 [21.53536266 31.18016876]
 [21.81673494 14.92624793]
 [36.81207139  6.7798037 ]
 [40.5465481  21.80284247]
 [41.48408497 38.1403845 ]
 [41.31313313 54.15728637]
[41.         58.75      ]
 [41.         57.25      ]
 [41.         56.        ]
 [40.69521836 53.95262807]
 [39.60233826 51.84337859]
 [36.95608209 48.78460308]
 [35.58772501 46.77819409]
 [35.03015643 44.75385256]
 [35.         43.75      ]
 [35.         42.25      ]