[ 6.5        90.5       ]
 [17.6146566  64.11145779]
 [ 3.49667418 38.84411815]
 [14.51566861 20.21289205]
 [40.82479843  9.78503509]
 [59.41610042 36.15621027]
 [59.49847096 62.48741852]
 [62.81105292 88.74720545]
 [80.56582927 82.86534757]
 [80.51117058 56.50665985]
[81.         41.        ]
 [81.         42.5       ]
 [81.         44.        ]
 [80.69521836 46.04737193]
 [79.60233826 48.15662141]
 [76.95608209 51.21539692]
 [75.58772501 53.22180591]
 [75.03015643 55.24614744]
 [75.         56.        ]
 [75.         57.5       ]