[ 5.5        99.5       ]
 [ 6.48843077 80.70141343]
 [12.01897784 61.90282664]
 [26.59519683 43.10421613]
 [26.49865154 24.3051079 ]
 [29.47686258  6.87700095]
 [46.64090931 17.31834272]
 [48.49201059 36.0902692 ]
 [48.51758434 54.8889181 ]
 [56.1425996  73.62700526]
[59.         82.75      ]
 [59.         81.25      ]
 [59.         80.        ]
 [59.30478164 77.95262807]
 [60.39766174 75.84337859]
 [63.04391791 72.78460308]
 [64.41227499 70.77819409]
 [64.96984357 68.75385256]
 [65.         67.75      ]
 [65.         66.25      ]