[ 3.5        95.5       ]
 [ 4.49043568 78.27027027]
 [ 7.03673358 61.04054054]
 [24.16795635 43.81081051]
 [26.5131114  26.5811004 ]
 [26.89858779  9.36550359]
 [41.43914346 11.72709628]
 [50.47098699 29.10741396]
 [50.32659992 46.33988681]
 [57.54048882 63.57626137]
[59.         70.75      ]
 [59.         69.25      ]
 [59.         68.        ]
 [59.30478164 65.95262807]
 [60.39766174 63.84337859]
 [63.04391791 60.78460308]
 [64.41227499 58.77819409]
 [64.96984357 56.75385256]
 [65.         55.75      ]
 [65.         54.25      ]