[ 8.5        96.5       ]
 [21.63474255 83.03366584]
 [23.54047139 69.56733163]
 [26.49751752 56.10099793]
 [26.49977134 42.63469958]
 [26.5017535  29.16637657]
 [26.46912163 15.7365395 ]
 [32.70592482  6.38130282]
 [46.2600607   6.57242382]
 [58.97974932  8.4406969 ]
[59.          5.        ]
 [59.          6.5       ]
 [59.          8.        ]
 [59.30478164 10.04737193]
 [60.39766174 12.15662141]
 [63.04391791 15.21539692]
 [64.41227499 17.22180591]
 [64.96984357 19.24614744]
 [65.         20.        ]
 [65.         21.5       ]