[ 0.5        91.5       ]
 [ 1.20622684 63.50000287]
 [ 5.49682653 35.50303113]
 [16.52189129 16.77920463]
 [44.51192573 13.61414105]
 [59.5        41.5       ]
 [59.50042435 69.50060059]
 [71.47630561 94.74994846]
 [80.48521913 72.49911968]
 [84.45126285 44.48748233]
[89.         29.        ]
 [89.         30.5       ]
 [89.         32.        ]
 [89.30478164 34.04737193]
 [90.39766174 36.15662141]
 [93.04391791 39.21539692]
 [94.41227499 41.22180591]
 [94.96984357 43.24614744]
 [95.         44.        ]
 [95.         45.5       ]