[ 1.5        96.5       ]
 [11.66474748 82.60169492]
 [12.22330953 68.70338977]
 [24.84412579 54.80508681]
 [26.5086398  40.9067452 ]
 [26.50123393 27.00738066]
 [26.39417511 13.22238381]
 [36.12315978  6.68586765]
 [39.46516254 18.67794858]
 [41.50225523 32.54385064]
[41.         34.75      ]
 [41.         33.25      ]
 [41.         32.        ]
 [40.69521836 29.95262807]
 [39.60233826 27.84337859]
 [36.95608209 24.78460308]
 [35.58772501 22.77819409]
 [35.03015643 20.75385256]
 [35.         19.75      ]
 [35.         18.25      ]