[11.5        95.5       ]
 [12.48706235 77.13357401]
 [17.07272612 58.76714802]
 [26.50013471 40.40072208]
 [26.48540916 22.03421265]
 [31.23205887  6.10854411]
 [49.72548796 18.69492462]
 [56.5473265  37.06517255]
 [59.50962403 55.43235462]
 [59.50544121 73.82234096]
[59.         82.75      ]
 [59.         81.25      ]
 [59.         80.        ]
 [59.30478164 77.95262807]
 [60.39766174 75.84337859]
 [63.04391791 72.78460308]
 [64.41227499 70.77819409]
 [64.96984357 68.75385256]
 [65.         67.75      ]
 [65.         66.25      ]