[12.5        99.5       ]
 [19.50169681 81.5       ]
 [25.80061533 63.49999991]
 [25.41064037 45.5000093 ]
 [26.51244017 27.50177752]
 [26.5         9.5       ]
 [41.71257992 12.40760325]
 [49.50160245 30.49952757]
 [50.11182444 48.49883721]
 [58.25182537 66.18084851]
[59.         70.75      ]
 [59.         69.25      ]
 [59.         68.        ]
 [59.30478164 65.95262807]
 [60.39766174 63.84337859]
 [63.04391791 60.78460308]
 [64.41227499 58.77819409]
 [64.96984357 56.75385256]
 [65.         55.75      ]
 [65.         54.25      ]