[ 7.5        92.5       ]
 [ 8.47346194 67.13350788]
 [26.78048311 41.76698017]
 [26.50213307 16.44085136]
 [43.98065818 13.07541162]
 [59.47276693 38.33230311]
 [59.49993779 63.69881528]
 [62.77342076 89.17582507]
 [80.03349671 83.54260933]
 [83.47154531 58.19401216]
[89.         41.        ]
 [89.         42.5       ]
 [89.         44.        ]
 [89.30478164 46.04737193]
 [90.39766174 48.15662141]
 [93.04391791 51.21539692]
 [94.41227499 53.22180591]
 [94.96984357 55.24614744]
 [95.         56.        ]
 [95.         57.5       ]