[ 4.5        98.5       ]
 [ 5.4944219  82.03360489]
 [ 6.89020398 65.56720989]
 [21.32018406 49.10081116]
 [21.49974271 32.63402172]
 [21.1186965  16.22353415]
 [35.39936183  6.17079   ]
 [40.49602897 20.76475209]
 [40.50097356 37.22690372]
 [40.44723871 54.01585984]
[41.         58.75      ]
 [41.         57.25      ]
 [41.         56.        ]
 [40.69521836 53.95262807]
 [39.60233826 51.84337859]
 [36.95608209 48.78460308]
 [35.58772501 46.77819409]
 [35.03015643 44.75385256]
 [35.         43.75      ]
 [35.         42.25      ]