[ 9.5        93.5       ]
 [ 9.50069553 67.56649594]
 [ 8.25373699 41.63332077]
 [ 3.65497799 15.38585193]
 [28.23333205  7.29208084]
 [54.12796161 23.16555812]
 [59.50122587 49.1010215 ]
 [59.53438727 75.03040333]
 [75.18170019 94.8875161 ]
 [80.50000132 71.09801863]
[81.         53.        ]
 [81.         54.5       ]
 [81.         56.        ]
 [80.69521836 58.04737193]
 [79.60233826 60.15662141]
 [76.95608209 63.21539692]
 [75.58772501 65.22180591]
 [75.03015643 67.24614744]
 [75.         68.        ]
 [75.         69.5       ]