[ 9.5        96.5       ]
 [10.48925159 79.03358925]
 [13.44160706 61.56717852]
 [26.70131964 44.10080622]
 [26.50012058 26.63402538]
 [27.04779284  8.78734032]
 [42.33149646 12.27492807]
 [52.40765692 29.76310126]
 [59.33444308 47.23176152]
 [59.536067   64.97018494]
[59.         70.75      ]
 [59.         69.25      ]
 [59.         68.        ]
 [59.30478164 65.95262807]
 [60.39766174 63.84337859]
 [63.04391791 60.78460308]
 [64.41227499 58.77819409]
 [64.96984357 56.75385256]
 [65.         55.75      ]
 [65.         54.25      ]