[ 1.5        95.5       ]
 [ 2.41351319 66.49999985]
 [ 3.49880734 37.4994905 ]
 [ 9.50609181 12.32034545]
 [38.49843043  7.15061958]
 [59.5        36.5       ]
 [59.49992146 65.49987058]
 [68.57099438 93.63313918]
 [80.46397301 74.49775376]
 [84.02228182 45.49383343]
[89.         29.        ]
 [89.         30.5       ]
 [89.         32.        ]
 [89.30478164 34.04737193]
 [90.39766174 36.15662141]
 [93.04391791 39.21539692]
 [94.41227499 41.22180591]
 [94.96984357 43.24614744]
 [95.         44.        ]
 [95.         45.5       ]