[ 3.5        93.5       ]
 [ 4.37129884 64.1685715 ]
 [26.66978804 34.83744013]
 [29.15665861  7.01507462]
 [57.36878642 27.82573651]
 [57.42830274 57.15714316]
 [60.23249873 86.48903238]
 [80.54640748 82.1855999 ]
 [80.49997626 52.84856919]
 [80.49686558 23.52057969]
[81.          5.        ]
 [81.          6.5       ]
 [81.          8.        ]
 [80.69521836 10.04737193]
 [79.60233826 12.15662141]
 [76.95608209 15.21539692]
 [75.58772501 17.22180591]
 [75.03015643 19.24614744]
 [75.         20.        ]
 [75.         21.5       ]