[10.5        95.5       ]
 [11.49053921 78.27027027]
 [14.03348513 61.04054054]
 [18.52451452 43.81081051]
 [18.49856736 26.5811004 ]
 [25.73710487  9.36550359]
 [39.66225001 11.72709628]
 [41.5673752  29.10741396]
 [41.49835808 46.33988681]
 [41.50115059 63.57626137]
[41.         70.75      ]
 [41.         69.25      ]
 [41.         68.        ]
 [40.69521836 65.95262807]
 [39.60233826 63.84337859]
 [36.95608209 60.78460308]
 [35.58772501 58.77819409]
 [35.03015643 56.75385256]
 [35.         55.75      ]
 [35.         54.25      ]