[ 0.5        94.5       ]
 [ 1.49109048 75.23253833]
 [ 7.97473819 55.96507746]
 [23.77010223 36.69777343]
 [23.41715016 17.45563544]
 [36.59730639  7.02719494]
 [51.55909746 25.10604995]
 [51.49990669 44.37222971]
 [51.49053304 63.63953288]
 [54.7561276  82.86555613]
[59.         94.75      ]
 [59.         93.25      ]
 [59.         92.        ]
 [59.30478164 89.95262807]
 [60.39766174 87.84337859]
 [63.04391791 84.78460308]
 [64.41227499 82.77819409]
 [64.96984357 80.75385256]
 [65.         79.75      ]
 [65.         78.25      ]