[ 2.5        95.5       ]
 [16.75941368 77.13357401]
 [25.59349246 58.76714802]
 [26.49980569 40.40072208]
 [26.48512355 22.03421265]
 [31.18516978  6.10854411]
 [47.65672739 18.69492462]
 [52.81818337 37.06517255]
 [58.52041133 55.43235462]
 [58.4946076  73.82234096]
[59.         82.75      ]
 [59.         81.25      ]
 [59.         80.        ]
 [59.30478164 77.95262807]
 [60.39766174 75.84337859]
 [63.04391791 72.78460308]
 [64.41227499 70.77819409]
 [64.96984357 68.75385256]
 [65.         67.75      ]
 [65.         66.25      ]