[ 6.5        98.5       ]
 [ 6.5        82.56639003]
 [ 6.50000012 66.63278161]
 [ 6.49999171 50.6990652 ]
 [ 6.50039708 34.77058857]
 [ 7.30585733 18.73187353]
 [23.10483272 11.75683717]
 [39.07741117  7.62347385]
 [50.54248278 23.97372319]
 [57.68275748 40.0577408 ]
[59.         46.75      ]
 [59.         45.25      ]
 [59.         44.        ]
 [59.30478164 41.95262807]
 [60.39766174 39.84337859]
 [63.04391791 36.78460308]
 [64.41227499 34.77819409]
 [64.96984357 32.75385256]
 [65.         31.75      ]
 [65.         30.25      ]