[ 6.5        90.5       ]
 [ 7.49952412 76.03364269]
 [ 7.32740062 61.56728538]
 [18.80499057 47.10092819]
 [25.40276627 32.63456466]
 [25.5800299  18.16849944]
 [31.21678192  6.11023697]
 [39.61154887 14.82063331]
 [40.62139896 29.2363757 ]
 [41.48856424 43.61826733]
[41.         46.75      ]
 [41.         45.25      ]
 [41.         44.        ]
 [40.69521836 41.95262807]
 [39.60233826 39.84337859]
 [36.95608209 36.78460308]
 [35.58772501 34.77819409]
 [35.03015643 32.75385256]
 [35.         31.75      ]
 [35.         30.25      ]