[ 9.5        98.5       ]
 [23.61597898 83.17032967]
 [25.62742875 67.84065937]
 [25.49678348 52.51098663]
 [25.50008119 37.18148759]
 [25.4993615  21.84061027]
 [28.13363145  7.38735132]
 [40.16325198 12.80644121]
 [40.49952696 28.1425836 ]
 [40.80461985 42.87261893]
[41.         46.75      ]
 [41.         45.25      ]
 [41.         44.        ]
 [40.69521836 41.95262807]
 [39.60233826 39.84337859]
 [36.95608209 36.78460308]
 [35.58772501 34.77819409]
 [35.03015643 32.75385256]
 [35.         31.75      ]
 [35.         30.25      ]