[ 8.5        90.5       ]
 [22.87700483 73.60139165]
 [26.44551958 56.70278331]
 [26.49980123 39.80417538]
 [26.48510608 22.90548484]
 [29.08088115  6.73479841]
 [39.64043896 14.95019129]
 [40.50674066 31.78939799]
 [40.49945797 48.68838036]
 [40.94571574 65.91488757]
[41.         70.75      ]
 [41.         69.25      ]
 [41.         68.        ]
 [40.69521836 65.95262807]
 [39.60233826 63.84337859]
 [36.95608209 60.78460308]
 [35.58772501 58.77819409]
 [35.03015643 56.75385256]
 [35.         55.75      ]
 [35.         54.25      ]