[12.5        92.5       ]
 [13.31883378 63.56651391]
 [26.52506996 34.6335028 ]
 [28.98381207  6.82134652]
 [56.70851415 27.23249886]
 [56.50010162 56.16742752]
 [59.1103126  85.0714403 ]
 [79.92949227 83.93667758]
 [80.43648688 55.03209859]
 [81.59656145 26.09835464]
[89.          5.        ]
 [89.          6.5       ]
 [89.          8.        ]
 [89.30478164 10.04737193]
 [90.39766174 12.15662141]
 [93.04391791 15.21539692]
 [94.41227499 17.22180591]
 [94.96984357 19.24614744]
 [95.         20.        ]
 [95.         21.5       ]