[ 4.5        92.5       ]
 [ 5.50013001 76.60147992]
 [ 5.86428417 60.70295935]
 [20.28068458 44.80447314]
 [25.47047937 28.90422716]
 [25.44743826 13.05366314]
 [37.76098421  6.7205261 ]
 [40.48064281 22.79721253]
 [40.4929556  38.68146722]
 [41.18993457 54.98584223]
[41.         58.75      ]
 [41.         57.25      ]
 [41.         56.        ]
 [40.69521836 53.95262807]
 [39.60233826 51.84337859]
 [36.95608209 48.78460308]
 [35.58772501 46.77819409]
 [35.03015643 44.75385256]
 [35.         43.75      ]
 [35.         42.25      ]