[ 5.5        99.5       ]
 [ 6.29302628 71.23278878]
 [26.59805453 42.96555097]
 [26.51848258 14.70517144]
 [48.51262277 17.5928593 ]
 [57.49818884 45.83606511]
 [57.49939036 74.10415734]
 [76.71811972 94.23837611]
 [80.44977039 67.3618962 ]
 [81.49897407 39.09538557]
[81.         17.        ]
 [81.         18.5       ]
 [81.         20.        ]
 [80.69521836 22.04737193]
 [79.60233826 24.15662141]
 [76.95608209 27.21539692]
 [75.58772501 29.22180591]
 [75.03015643 31.24614744]
 [75.         32.        ]
 [75.         33.5       ]