[ 5.5        90.5       ]
 [ 6.49952969 76.03364269]
 [ 6.32693768 61.56728538]
 [17.83329946 47.10092819]
 [25.49280169 32.63456466]
 [25.57803086 18.16849944]
 [31.21682173  6.11023697]
 [39.61154817 14.82063331]
 [40.62139897 29.2363757 ]
 [41.48856424 43.61826733]
[41.         46.75      ]
 [41.         45.25      ]
 [41.         44.        ]
 [40.69521836 41.95262807]
 [39.60233826 39.84337859]
 [36.95608209 36.78460308]
 [35.58772501 34.77819409]
 [35.03015643 32.75385256]
 [35.         31.75      ]
 [35.         30.25      ]