[12.5        98.5       ]
 [12.4999632  70.50000211]
 [10.75715763 42.50222255]
 [16.54360909 18.4411737 ]
 [44.51807224 13.61410122]
 [58.5        41.5       ]
 [58.49270746 69.50060059]
 [71.48252134 94.74994846]
 [80.48637026 72.49911968]
 [80.51140244 44.48748233]
[81.         29.        ]
 [81.         30.5       ]
 [81.         32.        ]
 [80.69521836 34.04737193]
 [79.60233826 36.15662141]
 [76.95608209 39.21539692]
 [75.58772501 41.22180591]
 [75.03015643 43.24614744]
 [75.         44.        ]
 [75.         45.5       ]