[ 4.5        90.5       ]
 [ 5.31527257 61.70092379]
 [26.6890472  32.9018417 ]
 [30.80149315  6.14422502]
 [58.56835453 28.69604688]
 [58.50017985 57.49535393]
 [60.35626911 86.20296752]
 [80.57894895 82.93646215]
 [80.55616486 54.10739416]
 [82.25101485 25.31083916]
[89.          5.        ]
 [89.          6.5       ]
 [89.          8.        ]
 [89.30478164 10.04737193]
 [90.39766174 12.15662141]
 [93.04391791 15.21539692]
 [94.41227499 17.22180591]
 [94.96984357 19.24614744]
 [95.         20.        ]
 [95.         21.5       ]