[ 3.5        95.5       ]
 [26.0928332  66.03348468]
 [26.49992046 36.56697073]
 [28.20869534  7.41913919]
 [55.44140091 26.36979254]
 [55.49953903 55.83254744]
 [59.08674384 85.23200677]
 [80.57261231 83.26214449]
 [81.57076343 53.76788348]
 [81.50026162 24.3004684 ]
[81.          5.        ]
 [81.          6.5       ]
 [81.          8.        ]
 [80.69521836 10.04737193]
 [79.60233826 12.15662141]
 [76.95608209 15.21539692]
 [75.58772501 17.22180591]
 [75.03015643 19.24614744]
 [75.         20.        ]
 [75.         21.5       ]