[14.5        98.5       ]
 [25.89744076 70.13348943]
 [26.49959192 41.76691919]
 [26.48622117 13.39293883]
 [49.9382652  18.96623979]
 [59.49600325 47.33255284]
 [59.50756567 75.69906897]
 [78.50178344 93.36508722]
 [80.51982475 65.56759271]
 [81.60756444 37.20061734]
[89.         17.        ]
 [89.         18.5       ]
 [89.         20.        ]
 [89.30478164 22.04737193]
 [90.39766174 24.15662141]
 [93.04391791 27.21539692]
 [94.41227499 29.22180591]
 [94.96984357 31.24614744]
 [95.         32.        ]
 [95.         33.5       ]