[ 2.5        93.5       ]
 [ 5.48716225 76.56640626]
 [ 9.17180803 59.63281212]
 [25.9219555  42.69919256]
 [26.50762396 25.76997698]
 [26.3524439   8.75145946]
 [43.07346451 12.10038913]
 [53.55984706 29.03515474]
 [53.50622958 45.96823697]
 [57.08653538 63.04661135]
[59.         70.75      ]
 [59.         69.25      ]
 [59.         68.        ]
 [59.30478164 65.95262807]
 [60.39766174 63.84337859]
 [63.04391791 60.78460308]
 [64.41227499 58.77819409]
 [64.96984357 56.75385256]
 [65.         55.75      ]
 [65.         54.25      ]