[ 9.5        94.5       ]
 [10.50004088 79.60158014]
 [10.45252262 64.70316028]
 [23.26549061 49.80473941]
 [25.49624853 34.90638713]
 [25.48499246 20.00373685]
 [29.7915224   6.71340851]
 [40.47165168 13.75787478]
 [41.37083847 28.68263954]
 [41.54296381 43.88952384]
[41.         46.75      ]
 [41.         45.25      ]
 [41.         44.        ]
 [40.69521836 41.95262807]
 [39.60233826 39.84337859]
 [36.95608209 36.78460308]
 [35.58772501 34.77819409]
 [35.03015643 32.75385256]
 [35.         31.75      ]
 [35.         30.25      ]