[ 6.5        94.5       ]
 [24.42191617 70.13351498]
 [26.4977898  45.76704046]
 [26.47722062 21.3921625 ]
 [37.96451238  7.63550504]
 [59.81701129 31.3318239 ]
 [59.49981983 55.6988907 ]
 [59.4347314  80.07173309]
 [78.45897643 93.53959904]
 [80.49965007 69.19723397]
[81.         53.        ]
 [81.         54.5       ]
 [81.         56.        ]
 [80.69521836 58.04737193]
 [79.60233826 60.15662141]
 [76.95608209 63.21539692]
 [75.58772501 65.22180591]
 [75.03015643 67.24614744]
 [75.         68.        ]
 [75.         69.5       ]