[ 9.5        94.5       ]
 [ 9.49999968 75.49999992]
 [ 9.49992261 56.49998086]
 [ 9.48809483 37.49705506]
 [13.41830168 19.90657125]
 [32.5         6.5       ]
 [51.84143854 20.48808126]
 [52.49320616 39.4998678 ]
 [52.45056708 58.49884889]
 [57.88004162 77.37807375]
[59.         82.75      ]
 [59.         81.25      ]
 [59.         80.        ]
 [59.30478164 77.95262807]
 [60.39766174 75.84337859]
 [63.04391791 72.78460308]
 [64.41227499 70.77819409]
 [64.96984357 68.75385256]
 [65.         67.75      ]
 [65.         66.25      ]