[ 4.5        96.5       ]
 [ 5.49840577 76.60118044]
 [13.29749346 56.7023607 ]
 [23.4882006  36.80349071]
 [23.5468115  16.89211182]
 [37.99211039  7.23568955]
 [51.54243872 26.89441527]
 [58.52609003 46.79174428]
 [58.4997314  66.6901688 ]
 [58.4075165  86.50818325]
[59.         94.75      ]
 [59.         93.25      ]
 [59.         92.        ]
 [59.30478164 89.95262807]
 [60.39766174 87.84337859]
 [63.04391791 84.78460308]
 [64.41227499 82.77819409]
 [64.96984357 80.75385256]
 [65.         79.75      ]
 [65.         78.25      ]