[ 7.5        94.5       ]
 [18.58411842 76.03357532]
 [21.41494052 57.56715127]
 [21.55692098 39.1007487 ]
 [22.55185388 20.62709167]
 [32.87825012  6.11121659]
 [40.46309898 20.29270648]
 [41.49203272 38.76502301]
 [41.50013555 57.23299869]
 [41.52510721 75.84930637]
[41.         82.75      ]
 [41.         81.25      ]
 [41.         80.        ]
 [40.69521836 77.95262807]
 [39.60233826 75.84337859]
 [36.95608209 72.78460308]
 [35.58772501 70.77819409]
 [35.03015643 68.75385256]
 [35.         67.75      ]
 [35.         66.25      ]