[ 0.5        98.5       ]
 [ 1.49450338 82.03360489]
 [ 2.8830596  65.56720989]
 [18.89412032 49.10081116]
 [23.51807511 32.63402172]
 [23.31049063 16.22353415]
 [35.42689919  6.17079   ]
 [40.49611341 20.76475209]
 [40.50096787 37.22690372]
 [40.44723879 54.01585984]
[41.         58.75      ]
 [41.         57.25      ]
 [41.         56.        ]
 [40.69521836 53.95262807]
 [39.60233826 51.84337859]
 [36.95608209 48.78460308]
 [35.58772501 46.77819409]
 [35.03015643 44.75385256]
 [35.         43.75      ]
 [35.         42.25      ]