[ 3.5        91.5       ]
 [ 4.48788811 73.56642068]
 [ 8.29217415 55.63284234]
 [25.8827008  37.69912238]
 [26.51326103 19.74437978]
 [33.13407774  6.45304196]
 [50.32620824 20.07878225]
 [54.50165189 38.03498561]
 [55.73836652 55.96942867]
 [58.48100569 73.99128267]
[59.         82.75      ]
 [59.         81.25      ]
 [59.         80.        ]
 [59.30478164 77.95262807]
 [60.39766174 75.84337859]
 [63.04391791 72.78460308]
 [64.41227499 70.77819409]
 [64.96984357 68.75385256]
 [65.         67.75      ]
 [65.         66.25      ]