[10.5        97.5       ]
 [11.49740263 83.70192308]
 [11.2970814  69.90384611]
 [21.03683322 56.10577061]
 [26.49412935 42.30768402]
 [26.49918327 28.50816723]
 [26.50199041 14.80296973]
 [34.30579491  6.23478292]
 [39.45994023 16.87564246]
 [41.60419162 30.90779918]
[41.         34.75      ]
 [41.         33.25      ]
 [41.         32.        ]
 [40.69521836 29.95262807]
 [39.60233826 27.84337859]
 [36.95608209 24.78460308]
 [35.58772501 22.77819409]
 [35.03015643 20.75385256]
 [35.         19.75      ]
 [35.         18.25      ]