[ 4.5        94.5       ]
 [14.44178017 70.13351498]
 [26.44457389 45.76704046]
 [26.47733089 21.3921625 ]
 [37.96451219  7.63550504]
 [59.81701129 31.3318239 ]
 [59.49981983 55.6988907 ]
 [59.43473206 80.07173309]
 [78.45902532 93.53959904]
 [84.10179421 69.19723397]
[89.         53.        ]
 [89.         54.5       ]
 [89.         56.        ]
 [89.30478164 58.04737193]
 [90.39766174 60.15662141]
 [93.04391791 63.21539692]
 [94.41227499 65.22180591]
 [94.96984357 67.24614744]
 [95.         68.        ]
 [95.         69.5       ]