[14.5        91.5       ]
 [15.34089613 62.46662848]
 [26.51063176 33.43384599]
 [30.39224643  6.08327994]
 [57.77277022 28.63194508]
 [57.4999312  57.6668631 ]
 [60.69563833 86.65680677]
 [80.53650916 82.26617117]
 [80.40577231 53.23302387]
 [81.50247782 24.19568464]
[81.          5.        ]
 [81.          6.5       ]
 [81.          8.        ]
 [80.69521836 10.04737193]
 [79.60233826 12.15662141]
 [76.95608209 15.21539692]
 [75.58772501 17.22180591]
 [75.03015643 19.24614744]
 [75.         20.        ]
 [75.         21.5       ]