[14.5        97.5       ]
 [21.50166278 82.56637168]
 [23.43258602 67.63274336]
 [25.49717687 52.69911558]
 [25.50011545 37.76545014]
 [25.49735248 22.83417841]
 [27.22019794  7.75703037]
 [39.3828743  10.96435856]
 [40.49641447 25.96904004]
 [40.47024628 40.99215235]
[41.         46.75      ]
 [41.         45.25      ]
 [41.         44.        ]
 [40.69521836 41.95262807]
 [39.60233826 39.84337859]
 [36.95608209 36.78460308]
 [35.58772501 34.77819409]
 [35.03015643 32.75385256]
 [35.         31.75      ]
 [35.         30.25      ]