[11.5        98.5       ]
 [12.48974429 81.23244782]
 [15.11405837 63.96489569]
 [25.38827539 46.69736006]
 [25.5007216  29.42887044]
 [25.51199701 12.03807815]
 [38.88404528  9.12951162]
 [40.50265675 26.37287703]
 [40.49967629 43.64123442]
 [40.49236592 60.93087143]
[41.         70.75      ]
 [41.         69.25      ]
 [41.         68.        ]
 [40.69521836 65.95262807]
 [39.60233826 63.84337859]
 [36.95608209 60.78460308]
 [35.58772501 58.77819409]
 [35.03015643 56.75385256]
 [35.         55.75      ]
 [35.         54.25      ]