[ 6.5        98.5       ]
 [ 7.4250883  72.56649615]
 [26.2787465  46.63300948]
 [26.46999038 20.68310544]
 [40.21685803  9.25249999]
 [59.52421992 35.16751847]
 [59.49956155 61.10102265]
 [60.61683402 87.03526472]
 [79.88711052 84.97354028]
 [82.85755025 59.09666145]
[89.         41.        ]
 [89.         42.5       ]
 [89.         44.        ]
 [89.30478164 46.04737193]
 [90.39766174 48.15662141]
 [93.04391791 51.21539692]
 [94.41227499 53.22180591]
 [94.96984357 55.24614744]
 [95.         56.        ]
 [95.         57.5       ]