[ 2.5        93.5       ]
 [ 5.07744059 65.46662706]
 [26.49565113 37.43338818]
 [26.1796805   9.22483804]
 [53.71897622 22.63340721]
 [59.50019123 50.6668653 ]
 [59.61303656 78.70032416]
 [79.82587448 91.47441149]
 [80.51849221 63.23292505]
 [82.71357293 35.19288027]
[89.         17.        ]
 [89.         18.5       ]
 [89.         20.        ]
 [89.30478164 22.04737193]
 [90.39766174 24.15662141]
 [93.04391791 27.21539692]
 [94.41227499 29.22180591]
 [94.96984357 31.24614744]
 [95.         32.        ]
 [95.         33.5       ]