[ 4.5        91.5       ]
 [ 5.48951836 73.56642068]
 [ 9.39792052 55.63284234]
 [14.50711213 37.69912238]
 [15.49155144 19.74437978]
 [33.13576505  6.45304196]
 [40.59945296 20.07878225]
 [40.50029322 38.03498561]
 [40.49972917 55.96942867]
 [40.4703104  73.99128267]
[41.         82.75      ]
 [41.         81.25      ]
 [41.         80.        ]
 [40.69521836 77.95262807]
 [39.60233826 75.84337859]
 [36.95608209 72.78460308]
 [35.58772501 70.77819409]
 [35.03015643 68.75385256]
 [35.         67.75      ]
 [35.         66.25      ]