[ 4.5        98.5       ]
 [ 5.48396551 80.60131343]
 [ 8.97731889 62.70263312]
 [10.50331571 44.80292062]
 [10.29680213 26.76716006]
 [23.99284247 10.99539019]
 [41.788759   10.67034878]
 [49.50897935 28.79043302]
 [49.98445213 46.69156407]
 [58.12208497 64.75894343]
[59.         70.75      ]
 [59.         69.25      ]
 [59.         68.        ]
 [59.30478164 65.95262807]
 [60.39766174 63.84337859]
 [63.04391791 60.78460308]
 [64.41227499 58.77819409]
 [64.96984357 56.75385256]
 [65.         55.75      ]
 [65.         54.25      ]