[ 1.5        95.5       ]
 [ 2.48746311 77.13357401]
 [ 7.12755229 58.76714802]
 [25.56091166 40.40072208]
 [26.48497441 22.03421265]
 [31.2050987   6.10854411]
 [48.62893387 18.69492462]
 [56.30753045 37.06517255]
 [58.49882327 55.43235462]
 [58.49457252 73.82234096]
[59.         82.75      ]
 [59.         81.25      ]
 [59.         80.        ]
 [59.30478164 77.95262807]
 [60.39766174 75.84337859]
 [63.04391791 72.78460308]
 [64.41227499 70.77819409]
 [64.96984357 68.75385256]
 [65.         67.75      ]
 [65.         66.25      ]