[11.5        92.5       ]
 [14.48633026 73.03356283]
 [23.01291509 53.56712771]
 [23.49485031 34.10115928]
 [23.18614405 14.72644198]
 [39.83912064  8.42087378]
 [55.70904469 28.29642815]
 [55.50096795 47.76505424]
 [55.4989377  67.23195029]
 [56.57337651 86.71910967]
[59.         94.75      ]
 [59.         93.25      ]
 [59.         92.        ]
 [59.30478164 89.95262807]
 [60.39766174 87.84337859]
 [63.04391791 84.78460308]
 [64.41227499 82.77819409]
 [64.96984357 80.75385256]
 [65.         79.75      ]
 [65.         78.25      ]