[ 0.5        95.5       ]
 [ 3.49914242 80.70179372]
 [ 3.32577914 65.90358744]
 [17.87225915 51.10538115]
 [26.56478525 36.30717605]
 [26.48624721 21.50889924]
 [28.50107526  7.14998483]
 [43.02604921 11.95609808]
 [52.10236219 26.88252329]
 [57.88499662 42.00227283]
[59.         46.75      ]
 [59.         45.25      ]
 [59.         44.        ]
 [59.30478164 41.95262807]
 [60.39766174 39.84337859]
 [63.04391791 36.78460308]
 [64.41227499 34.77819409]
 [64.96984357 32.75385256]
 [65.         31.75      ]
 [65.         30.25      ]