[ 6.5        92.5       ]
 [12.51257291 78.23226544]
 [12.09993041 63.96453106]
 [24.55174697 49.69678726]
 [25.51509234 35.42945333]
 [25.51495494 21.14796902]
 [27.97248424  7.19095701]
 [39.46838908 11.35651485]
 [40.49373599 25.64234759]
 [40.44853082 40.06470418]
[41.         46.75      ]
 [41.         45.25      ]
 [41.         44.        ]
 [40.69521836 41.95262807]
 [39.60233826 39.84337859]
 [36.95608209 36.78460308]
 [35.58772501 34.77819409]
 [35.03015643 32.75385256]
 [35.         31.75      ]
 [35.         30.25      ]