[12.5        96.5       ]
 [18.49937863 81.46659243]
 [18.53637691 66.43318486]
 [26.49454143 51.39977691]
 [26.50011544 36.36639563]
 [26.50150181 21.33126081]
 [28.65493246  6.40702959]
 [43.70371999 12.757426  ]
 [52.56333005 27.76831431]
 [58.5758888  42.70762777]
[59.         46.75      ]
 [59.         45.25      ]
 [59.         44.        ]
 [59.30478164 41.95262807]
 [60.39766174 39.84337859]
 [63.04391791 36.78460308]
 [64.41227499 34.77819409]
 [64.96984357 32.75385256]
 [65.         31.75      ]
 [65.         30.25      ]