[ 5.5        98.5       ]
 [ 5.49999991 72.26903564]
 [ 5.50012975 46.03792498]
 [ 5.40662242 19.91224263]
 [27.42396383  7.55381998]
 [53.75046116 22.66205242]
 [59.49813424 48.88577863]
 [59.49848556 75.11464355]
 [75.34406234 94.54612871]
 [82.93857405 70.41370181]
[89.         53.        ]
 [89.         54.5       ]
 [89.         56.        ]
 [89.30478164 58.04737193]
 [90.39766174 60.15662141]
 [93.04391791 63.21539692]
 [94.41227499 65.22180591]
 [94.96984357 67.24614744]
 [95.         68.        ]
 [95.         69.5       ]