[ 1.5        93.5       ]
 [15.8572738  76.56640626]
 [22.49908279 59.63281212]
 [25.50470899 42.69919256]
 [25.50013776 25.76997698]
 [26.30906798  8.75145946]
 [40.00299356 12.10038913]
 [40.50211594 29.03515474]
 [40.50017965 45.96823697]
 [40.45191046 63.04661135]
[41.         70.75      ]
 [41.         69.25      ]
 [41.         68.        ]
 [40.69521836 65.95262807]
 [39.60233826 63.84337859]
 [36.95608209 60.78460308]
 [35.58772501 58.77819409]
 [35.03015643 56.75385256]
 [35.         55.75      ]
 [35.         54.25      ]