[11.5        99.5       ]
 [17.48978884 80.70141343]
 [18.59804196 61.90282664]
 [18.50023038 43.10421613]
 [18.49338566 24.3051079 ]
 [29.51006736  6.87700095]
 [40.5197834  17.31834272]
 [40.50011547 36.0902692 ]
 [40.49996292 54.8889181 ]
 [40.50999014 73.62700526]
[41.         82.75      ]
 [41.         81.25      ]
 [41.         80.        ]
 [40.69521836 77.95262807]
 [39.60233826 75.84337859]
 [36.95608209 72.78460308]
 [35.58772501 70.77819409]
 [35.03015643 68.75385256]
 [35.         67.75      ]
 [35.         66.25      ]