[11.5        91.5       ]
 [ 5.47857779 61.70089331]
 [ 8.49966102 31.90404219]
 [23.89226119 11.19603057]
 [53.69215349 22.6913754 ]
 [58.50054666 52.49554076]
 [58.21993776 82.31677027]
 [80.30842623 85.84183887]
 [80.50015775 56.10711684]
 [81.65158809 26.31162268]
[89.          5.        ]
 [89.          6.5       ]
 [89.          8.        ]
 [89.30478164 10.04737193]
 [90.39766174 12.15662141]
 [93.04391791 15.21539692]
 [94.41227499 17.22180591]
 [94.96984357 19.24614744]
 [95.         20.        ]
 [95.         21.5       ]