[ 9.5        92.5       ]
 [10.3328874  65.50000014]
 [26.5824378  38.49989661]
 [26.49921091 11.36438732]
 [50.44267516 19.47575019]
 [59.5        46.5       ]
 [59.49872327 73.49822249]
 [74.47999851 94.74994846]
 [80.50751566 70.50049184]
 [80.51438553 43.4842145 ]
[81.         29.        ]
 [81.         30.5       ]
 [81.         32.        ]
 [80.69521836 34.04737193]
 [79.60233826 36.15662141]
 [76.95608209 39.21539692]
 [75.58772501 41.22180591]
 [75.03015643 43.24614744]
 [75.         44.        ]
 [75.         45.5       ]