[ 1.5        90.5       ]
 [ 4.48754921 73.60139165]
 [ 8.08841886 56.70278331]
 [24.84710537 39.80417538]
 [26.45890424 22.90548484]
 [29.06836387  6.73479841]
 [44.72863106 14.95019129]
 [53.42308245 31.78939799]
 [53.49750257 48.68838036]
 [58.64089761 65.91488757]
[59.         70.75      ]
 [59.         69.25      ]
 [59.         68.        ]
 [59.30478164 65.95262807]
 [60.39766174 63.84337859]
 [63.04391791 60.78460308]
 [64.41227499 58.77819409]
 [64.96984357 56.75385256]
 [65.         55.75      ]
 [65.         54.25      ]