[12.5        94.5       ]
 [13.49537126 81.17088607]
 [13.35532703 67.84177219]
 [21.48524595 54.51265824]
 [26.42424219 41.18350703]
 [26.50615606 27.85572391]
 [26.50251059 14.52612124]
 [33.80819595  6.35658779]
 [47.12433345  6.53242349]
 [58.98802076  7.74838048]
[59.          5.        ]
 [59.          6.5       ]
 [59.          8.        ]
 [59.30478164 10.04737193]
 [60.39766174 12.15662141]
 [63.04391791 15.21539692]
 [64.41227499 17.22180591]
 [64.96984357 19.24614744]
 [65.         20.        ]
 [65.         21.5       ]