[ 5.5        91.5       ]
 [ 6.46525215 66.03350858]
 [25.13272141 40.56696005]
 [26.44347484 15.16461281]
 [45.38695394 14.45914957]
 [59.50156866 39.83233362]
 [59.50190697 65.29863379]
 [64.62907111 90.99633466]
 [80.52919106 81.76792311]
 [84.19908015 56.29220634]
[89.         41.        ]
 [89.         42.5       ]
 [89.         44.        ]
 [89.30478164 46.04737193]
 [90.39766174 48.15662141]
 [93.04391791 51.21539692]
 [94.41227499 53.22180591]
 [94.96984357 55.24614744]
 [95.         56.        ]
 [95.         57.5       ]