[ 1.5        94.5       ]
 [14.64738675 78.70168066]
 [14.49176293 62.90336318]
 [14.81301066 47.10490684]
 [ 7.34249736 31.31444788]
 [ 8.82543686 15.18372131]
 [24.28901203 10.70918801]
 [40.11835887  8.9586491 ]
 [50.28809009 24.88734704]
 [57.48069192 40.95606061]
[59.         46.75      ]
 [59.         45.25      ]
 [59.         44.        ]
 [59.30478164 41.95262807]
 [60.39766174 39.84337859]
 [63.04391791 36.78460308]
 [64.41227499 34.77819409]
 [64.96984357 32.75385256]
 [65.         31.75      ]
 [65.         30.25      ]