[11.5        96.5       ]
 [12.49501588 80.17010309]
 [13.72604077 63.8402064 ]
 [26.49786303 47.51030012]
 [26.50025194 31.18016876]
 [26.43000002 14.92624793]
 [36.73098575  6.7798037 ]
 [51.09353953 21.80284247]
 [51.65006846 38.1403845 ]
 [58.23574489 54.15728637]
[59.         58.75      ]
 [59.         57.25      ]
 [59.         56.        ]
 [59.30478164 53.95262807]
 [60.39766174 51.84337859]
 [63.04391791 48.78460308]
 [64.41227499 46.77819409]
 [64.96984357 44.75385256]
 [65.         43.75      ]
 [65.         42.25      ]