[ 8.5        99.5       ]
 [14.49385526 81.49999996]
 [14.45713106 63.49999679]
 [ 5.28734811 45.50034325]
 [ 2.49696469 27.56561885]
 [13.5        18.5       ]
 [31.40776049  6.18156112]
 [40.58789244 18.48001578]
 [40.50001083 36.49901943]
 [40.69098463 54.18085092]
[41.         58.75      ]
 [41.         57.25      ]
 [41.         56.        ]
 [40.69521836 53.95262807]
 [39.60233826 51.84337859]
 [36.95608209 48.78460308]
 [35.58772501 46.77819409]
 [35.03015643 44.75385256]
 [35.         43.75      ]
 [35.         42.25      ]