[12.5        98.5       ]
 [13.49508354 85.23218673]
 [13.36600354 71.96437345]
 [21.27216777 58.69656011]
 [26.41419035 45.42876769]
 [26.50082431 32.1603562 ]
 [26.48776872 18.88708517]
 [29.02065668  6.96897948]
 [42.65470421  6.5058556 ]
 [55.99909341  7.39596025]
[59.          5.        ]
 [59.          6.5       ]
 [59.          8.        ]
 [59.30478164 10.04737193]
 [60.39766174 12.15662141]
 [63.04391791 15.21539692]
 [64.41227499 17.22180591]
 [64.96984357 19.24614744]
 [65.         20.        ]
 [65.         21.5       ]