[12.5        98.5       ]
 [ 4.27644956 78.23257698]
 [ 2.50075099 57.96515233]
 [ 2.49996932 37.69723267]
 [ 2.50021196 17.29737382]
 [19.83921378 12.55454157]
 [39.13990848  8.75750458]
 [40.55074669 29.370136  ]
 [42.46858328 49.63919154]
 [54.33176266 69.86810465]
[59.         82.75      ]
 [59.         81.25      ]
 [59.         80.        ]
 [59.30478164 77.95262807]
 [60.39766174 75.84337859]
 [63.04391791 72.78460308]
 [64.41227499 70.77819409]
 [64.96984357 68.75385256]
 [65.         67.75      ]
 [65.         66.25      ]