[14.5        91.5       ]
 [15.4992265  77.13364055]
 [15.31687474 62.7672813 ]
 [25.7638973  48.40091032]
 [26.51315459 34.03510712]
 [26.5195654  19.6457771 ]
 [29.51645483  6.12729114]
 [43.98837551 13.11480592]
 [57.46473269 27.43066019]
 [58.36510733 41.94937047]
[59.         46.75      ]
 [59.         45.25      ]
 [59.         44.        ]
 [59.30478164 41.95262807]
 [60.39766174 39.84337859]
 [63.04391791 36.78460308]
 [64.41227499 34.77819409]
 [64.96984357 32.75385256]
 [65.         31.75      ]
 [65.         30.25      ]