[11.5        95.5       ]
 [12.32719169 68.46662546]
 [26.49844189 41.43325059]
 [26.40928736 14.39935795]
 [47.63659036 16.67984349]
 [58.49887206 43.66687681]
 [58.48060367 70.70178032]
 [71.68986352 94.42582626]
 [80.50133296 73.23500248]
 [81.48405857 46.19204041]
[81.         29.        ]
 [81.         30.5       ]
 [81.         32.        ]
 [80.69521836 34.04737193]
 [79.60233826 36.15662141]
 [76.95608209 39.21539692]
 [75.58772501 41.22180591]
 [75.03015643 43.24614744]
 [75.         44.        ]
 [75.         45.5       ]