[ 8.5        98.5       ]
 [ 9.50027089 78.46661102]
 [10.49778288 58.43322207]
 [10.49992927 38.39984352]
 [16.64619006 18.3691799 ]
 [36.63990581  6.57091263]
 [40.50081493 25.70033895]
 [40.50000473 45.7337234 ]
 [40.49997514 65.76722424]
 [40.49452175 85.82524425]
[41.         94.75      ]
 [41.         93.25      ]
 [41.         92.        ]
 [40.69521836 89.95262807]
 [39.60233826 87.84337859]
 [36.95608209 84.78460308]
 [35.58772501 82.77819409]
 [35.03015643 80.75385256]
 [35.         79.75      ]
 [35.         78.25      ]