[11.5        92.5       ]
 [11.49747854 66.70102743]
 [ 7.07785723 40.90741343]
 [15.97847786 19.48605546]
 [41.68969859 10.44442807]
 [59.49760713 36.49503396]
 [59.49988316 62.29383377]
 [61.9772501  88.14342282]
 [80.55068618 84.10795597]
 [83.42813998 58.29784932]
[89.         41.        ]
 [89.         42.5       ]
 [89.         44.        ]
 [89.30478164 46.04737193]
 [90.39766174 48.15662141]
 [93.04391791 51.21539692]
 [94.41227499 53.22180591]
 [94.96984357 55.24614744]
 [95.         56.        ]
 [95.         57.5       ]