[ 6.5        93.5       ]
 [16.45671274 69.03351572]
 [26.47820021 44.56705065]
 [26.47013867 20.08420392]
 [39.33851551  8.44742052]
 [59.70195794 32.83241539]
 [59.50013146 57.29890594]
 [59.2870103  81.76522828]
 [79.74439664 91.92050121]
 [84.57403557 67.30490211]
[89.         53.        ]
 [89.         54.5       ]
 [89.         56.        ]
 [89.30478164 58.04737193]
 [90.39766174 60.15662141]
 [93.04391791 63.21539692]
 [94.41227499 65.22180591]
 [94.96984357 67.24614744]
 [95.         68.        ]
 [95.         69.5       ]