[ 2.5        95.5       ]
 [ 3.41871598 68.60087278]
 [ 4.49707243 41.7008565 ]
 [10.26957458 18.49024541]
 [37.09845483  7.21691054]
 [59.57749839 32.99542354]
 [59.49954849 59.89484109]
 [61.12857941 86.70146784]
 [80.51733468 84.31347402]
 [83.30649789 57.39205153]
[89.         41.        ]
 [89.         42.5       ]
 [89.         44.        ]
 [89.30478164 46.04737193]
 [90.39766174 48.15662141]
 [93.04391791 51.21539692]
 [94.41227499 53.22180591]
 [94.96984357 55.24614744]
 [95.         56.        ]
 [95.         57.5       ]