[ 8.5        92.5       ]
 [ 8.49595489 61.50000009]
 [ 3.63225186 30.50048963]
 [19.49422117 13.96839985]
 [50.40851145 19.49989287]
 [56.5        50.5       ]
 [56.82975319 81.49987491]
 [79.76887816 85.43787703]
 [80.50023209 54.49998333]
 [82.86933078 23.50340346]
[89.          5.        ]
 [89.          6.5       ]
 [89.          8.        ]
 [89.30478164 10.04737193]
 [90.39766174 12.15662141]
 [93.04391791 15.21539692]
 [94.41227499 17.22180591]
 [94.96984357 19.24614744]
 [95.         20.        ]
 [95.         21.5       ]