[13.5        95.5       ]
 [19.25122347 66.03348468]
 [26.49966759 36.56697073]
 [28.20909384  7.41913919]
 [53.76506248 26.36979254]
 [53.49865269 55.83254744]
 [59.30188195 85.23200677]
 [80.57296461 83.26214449]
 [80.50001918 53.76788348]
 [80.49974707 24.3004684 ]
[81.          5.        ]
 [81.          6.5       ]
 [81.          8.        ]
 [80.69521836 10.04737193]
 [79.60233826 12.15662141]
 [76.95608209 15.21539692]
 [75.58772501 17.22180591]
 [75.03015643 19.24614744]
 [75.         20.        ]
 [75.         21.5       ]