[ 5.5        94.5       ]
 [ 5.50000033 79.60158013]
 [ 5.49996738 64.70316044]
 [ 5.50245112 49.8047274 ]
 [ 4.5608988  34.90718875]
 [ 4.34094517 19.95360808]
 [17.89018176 16.73876971]
 [32.78913027  6.3984107 ]
 [47.67688744 16.71063445]
 [59.35543647 31.88890811]
[59.         34.75      ]
 [59.         33.25      ]
 [59.         32.        ]
 [59.30478164 29.95262807]
 [60.39766174 27.84337859]
 [63.04391791 24.78460308]
 [64.41227499 22.77819409]
 [64.96984357 20.75385256]
 [65.         19.75      ]
 [65.         18.25      ]