[ 8.5        90.5       ]
 [ 3.47116104 62.70095922]
 [ 4.50042935 34.90329506]
 [13.95186605 14.38405089]
 [41.69599218 10.59504163]
 [59.46667804 38.49527715]
 [59.50432679 66.29383523]
 [68.10445074 94.26966281]
 [80.46473221 76.10127084]
 [82.5656197  48.30775264]
[89.         29.        ]
 [89.         30.5       ]
 [89.         32.        ]
 [89.30478164 34.04737193]
 [90.39766174 36.15662141]
 [93.04391791 39.21539692]
 [94.41227499 41.22180591]
 [94.96984357 43.24614744]
 [95.         44.        ]
 [95.         45.5       ]