[13.5        93.5       ]
 [20.00025298 80.13366336]
 [20.85496828 66.76732682]
 [26.4887165  53.4009899 ]
 [26.49541189 40.03457008]
 [26.50602163 26.67158773]
 [26.47224633 13.28655032]
 [35.22614428  6.13948739]
 [39.46090378 17.44417206]
 [40.55474685 30.7052032 ]
[41.         34.75      ]
 [41.         33.25      ]
 [41.         32.        ]
 [40.69521836 29.95262807]
 [39.60233826 27.84337859]
 [36.95608209 24.78460308]
 [35.58772501 22.77819409]
 [35.03015643 20.75385256]
 [35.         19.75      ]
 [35.         18.25      ]