[ 9.5        92.5       ]
 [16.52889662 78.23226544]
 [17.48768279 63.96453106]
 [24.47438206 49.69678726]
 [24.89890264 35.42945333]
 [25.52239963 21.14796902]
 [27.9724299   7.19095701]
 [39.46868793 11.35651485]
 [40.41344173 25.64234759]
 [41.53350214 40.06470418]
[41.         46.75      ]
 [41.         45.25      ]
 [41.         44.        ]
 [40.69521836 41.95262807]
 [39.60233826 39.84337859]
 [36.95608209 36.78460308]
 [35.58772501 34.77819409]
 [35.03015643 32.75385256]
 [35.         31.75      ]
 [35.         30.25      ]