[ 8.5        99.5       ]
 [15.50093619 79.56644518]
 [23.5034251  59.63289033]
 [23.50005785 39.69932611]
 [23.50775143 19.76339643]
 [35.17411965  6.40309777]
 [49.54803145 24.10014867]
 [53.96145373 44.03487599]
 [58.50401724 63.96832563]
 [58.50802689 83.87798283]
[59.         94.75      ]
 [59.         93.25      ]
 [59.         92.        ]
 [59.30478164 89.95262807]
 [60.39766174 87.84337859]
 [63.04391791 84.78460308]
 [64.41227499 82.77819409]
 [64.96984357 80.75385256]
 [65.         79.75      ]
 [65.         78.25      ]