[ 9.5        92.5       ]
 [10.48144422 74.16972478]
 [14.12411981 55.83945119]
 [14.50004782 37.50917293]
 [16.1537936  19.15419568]
 [34.31100205  6.22414966]
 [40.50108796 21.48147308]
 [41.4807078  39.8118122 ]
 [41.49917254 58.14124263]
 [41.50172592 76.47489938]
[41.         82.75      ]
 [41.         81.25      ]
 [41.         80.        ]
 [40.69521836 77.95262807]
 [39.60233826 75.84337859]
 [36.95608209 72.78460308]
 [35.58772501 70.77819409]
 [35.03015643 68.75385256]
 [35.         67.75      ]
 [35.         66.25      ]