[ 8.5        97.5       ]
 [ 9.31353787 70.16871161]
 [26.53749707 42.83743545]
 [26.5049118  15.5797062 ]
 [46.84078688 15.85394732]
 [58.49957643 43.15648293]
 [58.49409031 70.48821677]
 [71.79787196 94.80339259]
 [80.47392947 72.84847605]
 [81.50063012 45.51236353]
[81.         29.        ]
 [81.         30.5       ]
 [81.         32.        ]
 [80.69521836 34.04737193]
 [79.60233826 36.15662141]
 [76.95608209 39.21539692]
 [75.58772501 41.22180591]
 [75.03015643 43.24614744]
 [75.         44.        ]
 [75.         45.5       ]