[ 3.5        94.5       ]
 [ 4.49071143 75.23253833]
 [10.8676131  55.96507746]
 [21.26336364 36.69777343]
 [25.59822335 17.45563544]
 [36.74449172  7.02719494]
 [40.50084259 25.10604995]
 [40.49999886 44.37222971]
 [40.50005342 63.63953288]
 [40.5138663  82.86555613]
[41.         94.75      ]
 [41.         93.25      ]
 [41.         92.        ]
 [40.69521836 89.95262807]
 [39.60233826 87.84337859]
 [36.95608209 84.78460308]
 [35.58772501 82.77819409]
 [35.03015643 80.75385256]
 [35.         79.75      ]
 [35.         78.25      ]