[ 4.5        92.5       ]
 [ 5.32608068 63.56651391]
 [26.67446563 34.6335028 ]
 [28.9834779   6.82134652]
 [57.77938235 27.23249886]
 [57.50003268 56.16742752]
 [59.35764712 85.0714403 ]
 [79.92966731 83.93667758]
 [80.49982652 55.03209859]
 [80.49946156 26.09835464]
[81.          5.        ]
 [81.          6.5       ]
 [81.          8.        ]
 [80.69521836 10.04737193]
 [79.60233826 12.15662141]
 [76.95608209 15.21539692]
 [75.58772501 17.22180591]
 [75.03015643 19.24614744]
 [75.         20.        ]
 [75.         21.5       ]