[10.5        97.5       ]
 [20.48946327 72.60094213]
 [26.50181481 47.70188221]
 [26.5001358  22.80496609]
 [37.10881451  6.32626101]
 [59.42867593 30.99488804]
 [59.50011233 55.89434131]
 [59.50385668 80.79876765]
 [79.14349075 92.16513394]
 [84.08623617 67.39415979]
[89.         53.        ]
 [89.         54.5       ]
 [89.         56.        ]
 [89.30478164 58.04737193]
 [90.39766174 60.15662141]
 [93.04391791 63.21539692]
 [94.41227499 65.22180591]
 [94.96984357 67.24614744]
 [95.         68.        ]
 [95.         69.5       ]