[ 6.5        99.5       ]
 [20.58381058 84.27074236]
 [23.84541546 69.04148473]
 [26.51073629 53.81222628]
 [26.49990382 38.58302655]
 [26.48971387 23.34991636]
 [27.23356039  8.40591145]
 [42.19984998 10.99042839]
 [51.24108692 26.33067853]
 [58.61329331 41.88757129]
[59.         46.75      ]
 [59.         45.25      ]
 [59.         44.        ]
 [59.30478164 41.95262807]
 [60.39766174 39.84337859]
 [63.04391791 36.78460308]
 [64.41227499 34.77819409]
 [64.96984357 32.75385256]
 [65.         31.75      ]
 [65.         30.25      ]