[13.5        94.5       ]
 [19.50194425 79.60158014]
 [19.39292531 64.70316028]
 [26.50748647 49.80473941]
 [26.49998409 34.90638713]
 [26.48868736 20.00373685]
 [29.88720502  6.71340851]
 [44.78923962 13.75787478]
 [54.64776104 28.68263954]
 [59.35543653 43.88952384]
[59.         46.75      ]
 [59.         45.25      ]
 [59.         44.        ]
 [59.30478164 41.95262807]
 [60.39766174 39.84337859]
 [63.04391791 36.78460308]
 [64.41227499 34.77819409]
 [64.96984357 32.75385256]
 [65.         31.75      ]
 [65.         30.25      ]