[11.5        99.5       ]
 [23.43630316 69.60078387]
 [26.5000665  39.70155821]
 [26.39848985  9.76507377]
 [50.5605975  24.09566983]
 [50.49949588 53.99608566]
 [57.87364708 83.91275672]
 [80.38911811 84.18082826]
 [80.49995132 54.30626174]
 [80.49337615 24.41094444]
[81.          5.        ]
 [81.          6.5       ]
 [81.          8.        ]
 [80.69521836 10.04737193]
 [79.60233826 12.15662141]
 [76.95608209 15.21539692]
 [75.58772501 17.22180591]
 [75.03015643 19.24614744]
 [75.         20.        ]
 [75.         21.5       ]