[ 8.5        92.5       ]
 [ 8.49970972 64.70095771]
 [ 8.3207581  36.90238183]
 [13.90034348 14.24524203]
 [41.69596603 10.59497118]
 [59.46667805 38.49527719]
 [59.50432678 66.29383523]
 [68.10445184 94.26966281]
 [80.47124987 76.10127084]
 [82.58667523 48.30775264]
[89.         29.        ]
 [89.         30.5       ]
 [89.         32.        ]
 [89.30478164 34.04737193]
 [90.39766174 36.15662141]
 [93.04391791 39.21539692]
 [94.41227499 41.22180591]
 [94.96984357 43.24614744]
 [95.         44.        ]
 [95.         45.5       ]