[14.5        92.5       ]
 [15.48800158 74.16972478]
 [20.12795926 55.83945119]
 [26.49984276 37.50917293]
 [26.49820499 19.15419568]
 [34.23668457  6.22414966]
 [52.47919921 21.48147308]
 [57.52068625 39.8118122 ]
 [57.50220355 58.14124263]
 [57.49482227 76.47489938]
[59.         82.75      ]
 [59.         81.25      ]
 [59.         80.        ]
 [59.30478164 77.95262807]
 [60.39766174 75.84337859]
 [63.04391791 72.78460308]
 [64.41227499 70.77819409]
 [64.96984357 68.75385256]
 [65.         67.75      ]
 [65.         66.25      ]