[11.5        90.5       ]
 [12.49194367 71.16956522]
 [19.20074509 51.83913041]
 [23.51139447 32.50868949]
 [23.57628341 13.17719621]
 [40.55710382  9.92305194]
 [55.67066998 29.48165677]
 [55.54417711 48.81304063]
 [56.5014205  68.14362201]
 [57.1983415  87.53549037]
[59.         94.75      ]
 [59.         93.25      ]
 [59.         92.        ]
 [59.30478164 89.95262807]
 [60.39766174 87.84337859]
 [63.04391791 84.78460308]
 [64.41227499 82.77819409]
 [64.96984357 80.75385256]
 [65.         79.75      ]
 [65.         78.25      ]