[ 6.5        94.5       ]
 [14.49516257 68.70102917]
 [ 9.2052569  42.90475122]
 [15.97688969 19.28065889]
 [41.68970025 10.44464299]
 [59.49760713 36.4950338 ]
 [59.49988316 62.29383377]
 [61.97725046 88.14342282]
 [80.55002247 84.10795597]
 [81.60917497 58.29784932]
[81.         41.        ]
 [81.         42.5       ]
 [81.         44.        ]
 [80.69521836 46.04737193]
 [79.60233826 48.15662141]
 [76.95608209 51.21539692]
 [75.58772501 53.22180591]
 [75.03015643 55.24614744]
 [75.         56.        ]
 [75.         57.5       ]