[ 6.5        91.5       ]
 [18.58601306 73.56642068]
 [18.50041511 55.63284234]
 [18.49806609 37.69912238]
 [18.20566515 19.74437978]
 [33.13224267  6.45304196]
 [40.62681723 20.07878225]
 [41.48532939 38.03498561]
 [41.50059922 55.96942867]
 [41.5296922  73.99128267]
[41.         82.75      ]
 [41.         81.25      ]
 [41.         80.        ]
 [40.69521836 77.95262807]
 [39.60233826 75.84337859]
 [36.95608209 72.78460308]
 [35.58772501 70.77819409]
 [35.03015643 68.75385256]
 [35.         67.75      ]
 [35.         66.25      ]