[ 2.5        92.5       ]
 [ 3.49903952 78.23226544]
 [ 3.29965949 63.96453106]
 [14.32809048 49.69678726]
 [25.81451643 35.42945333]
 [25.50958287 21.14796902]
 [27.97258181  7.19095701]
 [39.46868871 11.35651485]
 [40.41344161 25.64234759]
 [41.53350214 40.06470418]
[41.         46.75      ]
 [41.         45.25      ]
 [41.         44.        ]
 [40.69521836 41.95262807]
 [39.60233826 39.84337859]
 [36.95608209 36.78460308]
 [35.58772501 34.77819409]
 [35.03015643 32.75385256]
 [35.         31.75      ]
 [35.         30.25      ]