[ 4.5        94.5       ]
 [ 5.55512324 71.26934096]
 [20.0139718  48.03868873]
 [26.5035785  24.80875201]
 [33.4275755   6.12061707]
 [56.65140082 25.65524311]
 [59.49862918 48.88395503]
 [59.47836991 72.1167135 ]
 [69.31645041 94.80571859]
 [79.44300613 79.41830637]
[81.         65.        ]
 [81.         66.5       ]
 [81.         68.        ]
 [80.69521836 70.04737193]
 [79.60233826 72.15662141]
 [76.95608209 75.21539692]
 [75.58772501 77.22180591]
 [75.03015643 79.24614744]
 [75.         80.        ]
 [75.         81.5       ]