[ 3.5        98.5       ]
 [ 4.49552616 84.46658711]
 [ 4.46975331 70.43317419]
 [ 6.17516569 56.3997627 ]
 [20.73434666 42.36630998]
 [26.49536824 28.33318376]
 [26.57749693 14.34294139]
 [34.9153185   6.11165743]
 [39.46511088 17.78260447]
 [40.71206459 31.28555264]
[41.         34.75      ]
 [41.         33.25      ]
 [41.         32.        ]
 [40.69521836 29.95262807]
 [39.60233826 27.84337859]
 [36.95608209 24.78460308]
 [35.58772501 22.77819409]
 [35.03015643 20.75385256]
 [35.         19.75      ]
 [35.         18.25      ]