[ 9.5        94.5       ]
 [10.49496298 81.23218673]
 [10.36984057 67.9643735 ]
 [18.29086113 54.69656038]
 [26.66204272 41.42870372]
 [26.49950022 28.16213551]
 [26.53415218 14.90568128]
 [33.37256397  6.11801154]
 [39.45424186 15.67464866]
 [41.34991648 28.99945419]
[41.         34.75      ]
 [41.         33.25      ]
 [41.         32.        ]
 [40.69521836 29.95262807]
 [39.60233826 27.84337859]
 [36.95608209 24.78460308]
 [35.58772501 22.77819409]
 [35.03015643 20.75385256]
 [35.         19.75      ]
 [35.         18.25      ]