[ 6.5        95.5       ]
 [ 7.49053922 78.27027027]
 [10.03348485 61.04054054]
 [26.23411098 43.81081051]
 [26.50324799 26.5811004 ]
 [26.89848418  9.36550359]
 [41.43914496 11.72709628]
 [50.470987   29.10741396]
 [50.32659992 46.33988681]
 [57.54048882 63.57626137]
[59.         70.75      ]
 [59.         69.25      ]
 [59.         68.        ]
 [59.30478164 65.95262807]
 [60.39766174 63.84337859]
 [63.04391791 60.78460308]
 [64.41227499 58.77819409]
 [64.96984357 56.75385256]
 [65.         55.75      ]
 [65.         54.25      ]