[ 1.5        97.5       ]
 [ 2.48695114 80.27027025]
 [ 5.1460678  63.04054127]
 [ 7.50956506 45.81099456]
 [ 7.47432633 28.56926117]
 [13.74780748 15.49571428]
 [30.8141771   6.61474622]
 [40.54608515 17.09048953]
 [40.50100457 34.34036677]
 [40.50990471 51.5762616 ]
[41.         58.75      ]
 [41.         57.25      ]
 [41.         56.        ]
 [40.69521836 53.95262807]
 [39.60233826 51.84337859]
 [36.95608209 48.78460308]
 [35.58772501 46.77819409]
 [35.03015643 44.75385256]
 [35.         43.75      ]
 [35.         42.25      ]