[ 8.5        91.5       ]
 [ 9.29248779 63.60084055]
 [26.44023116 35.70185965]
 [27.65657545  7.41126004]
 [54.49781081 24.10319252]
 [55.50009142 51.99579968]
 [55.58982531 79.91009858]
 [79.6063529  90.20625541]
 [80.50020409 62.30671441]
 [80.5140252  34.39932735]
[81.         17.        ]
 [81.         18.5       ]
 [81.         20.        ]
 [80.69521836 22.04737193]
 [79.60233826 24.15662141]
 [76.95608209 27.21539692]
 [75.58772501 29.22180591]
 [75.03015643 31.24614744]
 [75.         32.        ]
 [75.         33.5       ]