[12.5        94.5       ]
 [19.50308539 79.60158014]
 [21.34891923 64.70316028]
 [25.48698597 49.80473941]
 [26.44207923 34.90638713]
 [26.49011787 20.00373685]
 [29.88595997  6.71340851]
 [44.85985919 13.75787478]
 [53.58068297 28.68263954]
 [59.34501125 43.88952384]
[59.         46.75      ]
 [59.         45.25      ]
 [59.         44.        ]
 [59.30478164 41.95262807]
 [60.39766174 39.84337859]
 [63.04391791 36.78460308]
 [64.41227499 34.77819409]
 [64.96984357 32.75385256]
 [65.         31.75      ]
 [65.         30.25      ]