[ 9.5        93.5       ]
 [21.41435082 66.60087182]
 [25.40329283 39.7016674 ]
 [26.389324   12.74194321]
 [49.06859173 18.09680502]
 [59.50273713 44.99564126]
 [59.48305289 71.89475675]
 [72.65236326 94.81803113]
 [80.50168922 72.30722952]
 [83.17089954 45.3920919 ]
[89.         29.        ]
 [89.         30.5       ]
 [89.         32.        ]
 [89.30478164 34.04737193]
 [90.39766174 36.15662141]
 [93.04391791 39.21539692]
 [94.41227499 41.22180591]
 [94.96984357 43.24614744]
 [95.         44.        ]
 [95.         45.5       ]