[ 0.5        99.5       ]
 [ 1.43681627 73.03350178]
 [ 2.49874803 46.56714859]
 [ 2.32014238 20.04075699]
 [27.36596886  7.91694005]
 [53.92320563 22.83244538]
 [59.49811736 49.29898868]
 [59.51027639 75.76549452]
 [76.55497479 94.06883209]
 [81.17420136 69.28899693]
[81.         53.        ]
 [81.         54.5       ]
 [81.         56.        ]
 [80.69521836 58.04737193]
 [79.60233826 60.15662141]
 [76.95608209 63.21539692]
 [75.58772501 65.22180591]
 [75.03015643 67.24614744]
 [75.         68.        ]
 [75.         69.5       ]