[ 7.5        95.5       ]
 [17.41503011 79.50000002]
 [17.50738765 63.49999832]
 [16.71677465 47.50011045]
 [ 7.40588579 31.49538016]
 [11.5        17.5       ]
 [27.49806618  7.86654127]
 [43.69574369 12.4986135 ]
 [52.33267217 28.5054337 ]
 [58.82141283 43.5055492 ]
[59.         46.75      ]
 [59.         45.25      ]
 [59.         44.        ]
 [59.30478164 41.95262807]
 [60.39766174 39.84337859]
 [63.04391791 36.78460308]
 [64.41227499 34.77819409]
 [64.96984357 32.75385256]
 [65.         31.75      ]
 [65.         30.25      ]