[11.5        92.5       ]
 [14.48686412 75.46660119]
 [18.3699127  58.43320185]
 [26.47506836 41.39974779]
 [26.5007109  24.37309505]
 [27.60662072  7.40521666]
 [43.60189593 13.81271014]
 [55.59265991 30.73313761]
 [55.50877841 47.7648625 ]
 [57.8929643  65.03724832]
[59.         70.75      ]
 [59.         69.25      ]
 [59.         68.        ]
 [59.30478164 65.95262807]
 [60.39766174 63.84337859]
 [63.04391791 60.78460308]
 [64.41227499 58.77819409]
 [64.96984357 56.75385256]
 [65.         55.75      ]
 [65.         54.25      ]