[14.5        94.5       ]
 [14.50000001 76.03357532]
 [14.50000173 57.56715127]
 [14.50006149 39.1007487 ]
 [14.94264617 20.62709167]
 [32.85845867  6.11121659]
 [40.50454143 20.29270648]
 [41.5298896  38.76502301]
 [41.50075188 57.23299869]
 [41.52511042 75.84930637]
[41.         82.75      ]
 [41.         81.25      ]
 [41.         80.        ]
 [40.69521836 77.95262807]
 [39.60233826 75.84337859]
 [36.95608209 72.78460308]
 [35.58772501 70.77819409]
 [35.03015643 68.75385256]
 [35.         67.75      ]
 [35.         66.25      ]