[ 6.5        98.5       ]
 [15.46486391 79.60124334]
 [15.49964186 60.70248624]
 [15.4999203  41.80367151]
 [15.49684536 22.90132234]
 [30.97227721  6.61367383]
 [40.53328269 18.89274716]
 [40.50026845 37.79130757]
 [40.50110646 56.69102361]
 [40.51311082 75.60031511]
[41.         82.75      ]
 [41.         81.25      ]
 [41.         80.        ]
 [40.69521836 77.95262807]
 [39.60233826 75.84337859]
 [36.95608209 72.78460308]
 [35.58772501 70.77819409]
 [35.03015643 68.75385256]
 [35.         67.75      ]
 [35.         66.25      ]