[14.5        90.5       ]
 [14.50131653 71.50000004]
 [14.81717652 52.50000994]
 [ 1.18768639 33.5015296 ]
 [ 1.99239865 14.66217337]
 [20.5        12.5       ]
 [38.74583808  8.68868253]
 [42.34326782 27.50179952]
 [49.21790054 46.49886145]
 [57.88986788 65.3780738 ]
[59.         70.75      ]
 [59.         69.25      ]
 [59.         68.        ]
 [59.30478164 65.95262807]
 [60.39766174 63.84337859]
 [63.04391791 60.78460308]
 [64.41227499 58.77819409]
 [64.96984357 56.75385256]
 [65.         55.75      ]
 [65.         54.25      ]