[ 9.5        97.5       ]
 [ 7.42706675 81.60147991]
 [ 5.77835316 65.70296037]
 [ 7.48123206 49.80440192]
 [ 7.48603485 33.90783657]
 [10.06433484 18.68041158]
 [25.89151318  9.17301236]
 [41.8650755  10.68298836]
 [51.38582143 26.68383453]
 [59.03910827 42.98580691]
[59.         46.75      ]
 [59.         45.25      ]
 [59.         44.        ]
 [59.30478164 41.95262807]
 [60.39766174 39.84337859]
 [63.04391791 36.78460308]
 [64.41227499 34.77819409]
 [64.96984357 32.75385256]
 [65.         31.75      ]
 [65.         30.25      ]