[ 4.5        91.5       ]
 [ 5.29289135 63.60084055]
 [26.64546029 35.70185965]
 [27.65636407  7.41126004]
 [54.49781066 24.10319252]
 [55.50009142 51.99579968]
 [55.5898253  79.91009858]
 [79.60634886 90.20625541]
 [80.5290259  62.30671441]
 [81.49988146 34.39932735]
[81.         17.        ]
 [81.         18.5       ]
 [81.         20.        ]
 [80.69521836 22.04737193]
 [79.60233826 24.15662141]
 [76.95608209 27.21539692]
 [75.58772501 29.22180591]
 [75.03015643 31.24614744]
 [75.         32.        ]
 [75.         33.5       ]