[10.5        94.5       ]
 [10.49999947 75.23253833]
 [10.49984943 55.96507746]
 [10.47000814 36.69777343]
 [17.68276049 17.45563544]
 [36.7743977   7.02719494]
 [40.59238498 25.10604995]
 [41.50032352 44.37222971]
 [41.49995965 63.63953288]
 [41.48613383 82.86555613]
[41.         94.75      ]
 [41.         93.25      ]
 [41.         92.        ]
 [40.69521836 89.95262807]
 [39.60233826 87.84337859]
 [36.95608209 84.78460308]
 [35.58772501 82.77819409]
 [35.03015643 80.75385256]
 [35.         79.75      ]
 [35.         78.25      ]