[11.5        97.5       ]
 [26.39208805 68.23280718]
 [26.49990937 38.96549123]
 [26.6536068   9.35668696]
 [54.73980101 23.57693488]
 [59.50048127 52.83596056]
 [59.49675161 82.09620472]
 [79.49774501 86.63462598]
 [80.5002829  57.36247216]
 [81.03345131 28.0957629 ]
[89.          5.        ]
 [89.          6.5       ]
 [89.          8.        ]
 [89.30478164 10.04737193]
 [90.39766174 12.15662141]
 [93.04391791 15.21539692]
 [94.41227499 17.22180591]
 [94.96984357 19.24614744]
 [95.         20.        ]
 [95.         21.5       ]