[ 2.5        97.5       ]
 [16.35625532 83.70192308]
 [22.96005753 69.90384611]
 [26.51025352 56.10577061]
 [26.49995551 42.30768402]
 [26.49996013 28.50816723]
 [26.50214292 14.80296973]
 [34.2995418   6.23478292]
 [39.52946686 16.87564246]
 [41.56145187 30.90779918]
[41.         34.75      ]
 [41.         33.25      ]
 [41.         32.        ]
 [40.69521836 29.95262807]
 [39.60233826 27.84337859]
 [36.95608209 24.78460308]
 [35.58772501 22.77819409]
 [35.03015643 20.75385256]
 [35.         19.75      ]
 [35.         18.25      ]