[13.5        98.5       ]
 [19.49359673 83.17032967]
 [19.95226239 67.84065937]
 [26.48477355 52.51098663]
 [26.50064684 37.18148759]
 [26.4798191  21.84061027]
 [28.05171079  7.38735132]
 [43.91355471 12.80644121]
 [51.98136036 28.1425836 ]
 [58.55877993 42.87261893]
[59.         46.75      ]
 [59.         45.25      ]
 [59.         44.        ]
 [59.30478164 41.95262807]
 [60.39766174 39.84337859]
 [63.04391791 36.78460308]
 [64.41227499 34.77819409]
 [64.96984357 32.75385256]
 [65.         31.75      ]
 [65.         30.25      ]