[ 5.5        98.5       ]
 [19.68470563 79.60124334]
 [26.79624974 60.70248624]
 [26.50166324 41.80367151]
 [26.49345325 22.90132234]
 [30.90068853  6.61367383]
 [47.9127579  18.89274716]
 [48.49907521 37.79130757]
 [48.82313161 56.69102361]
 [57.55275651 75.60031511]
[59.         82.75      ]
 [59.         81.25      ]
 [59.         80.        ]
 [59.30478164 77.95262807]
 [60.39766174 75.84337859]
 [63.04391791 72.78460308]
 [64.41227499 70.77819409]
 [64.96984357 68.75385256]
 [65.         67.75      ]
 [65.         66.25      ]