[ 3.5        99.5       ]
 [ 4.50005271 74.46662216]
 [ 7.55894551 49.43324457]
 [26.48960394 24.3995931 ]
 [35.63328897  6.54282518]
 [59.55873428 29.6667778 ]
 [59.4999331  54.70026436]
 [59.47502526 79.73607007]
 [78.64844198 93.33233706]
 [80.50079896 68.20240612]
[81.         53.        ]
 [81.         54.5       ]
 [81.         56.        ]
 [80.69521836 58.04737193]
 [79.60233826 60.15662141]
 [76.95608209 63.21539692]
 [75.58772501 65.22180591]
 [75.03015643 67.24614744]
 [75.         68.        ]
 [75.         69.5       ]