[ 6.5        91.5       ]
 [ 7.499285   77.13364055]
 [ 7.3122431  62.7672813 ]
 [18.50580531 48.40091032]
 [25.39148002 34.03510712]
 [25.54459109 19.6457771 ]
 [29.56426273  6.12729114]
 [39.58066744 13.11480592]
 [40.49071271 27.43066019]
 [41.52620386 41.94937047]
[41.         46.75      ]
 [41.         45.25      ]
 [41.         44.        ]
 [40.69521836 41.95262807]
 [39.60233826 39.84337859]
 [36.95608209 36.78460308]
 [35.58772501 34.77819409]
 [35.03015643 32.75385256]
 [35.         31.75      ]
 [35.         30.25      ]