[ 9.5        95.5       ]
 [10.49745568 79.56639004]
 [11.21827967 63.63278008]
 [21.67275949 47.69917024]
 [21.50164947 31.76555458]
 [21.42816988 15.83206147]
 [35.19859528  6.63586864]
 [40.56786061 20.0191287 ]
 [41.46944563 35.96635791]
 [41.55217434 52.05783786]
[41.         58.75      ]
 [41.         57.25      ]
 [41.         56.        ]
 [40.69521836 53.95262807]
 [39.60233826 51.84337859]
 [36.95608209 48.78460308]
 [35.58772501 46.77819409]
 [35.03015643 44.75385256]
 [35.         43.75      ]
 [35.         42.25      ]