[13.5        92.5       ]
 [14.49375193 73.03356283]
 [21.65460142 53.56712771]
 [23.49776763 34.10115928]
 [23.18403328 14.72644198]
 [39.36499158  8.42087378]
 [56.9262476  28.29642815]
 [56.50200422 47.76505424]
 [56.5010734  67.23195029]
 [56.54996156 86.71910967]
[59.         94.75      ]
 [59.         93.25      ]
 [59.         92.        ]
 [59.30478164 89.95262807]
 [60.39766174 87.84337859]
 [63.04391791 84.78460308]
 [64.41227499 82.77819409]
 [64.96984357 80.75385256]
 [65.         79.75      ]
 [65.         78.25      ]