[ 3.5        90.5       ]
 [ 4.49943449 75.17032963]
 [ 4.70200349 59.84066373]
 [ 6.51151041 44.51063128]
 [ 6.55969315 29.20673515]
 [13.26063437 18.67005531]
 [28.47773522  7.41979364]
 [43.69605802 12.80583658]
 [52.30003444 28.14259442]
 [58.55511604 42.87261875]
[59.         46.75      ]
 [59.         45.25      ]
 [59.         44.        ]
 [59.30478164 41.95262807]
 [60.39766174 39.84337859]
 [63.04391791 36.78460308]
 [64.41227499 34.77819409]
 [64.96984357 32.75385256]
 [65.         31.75      ]
 [65.         30.25      ]