[14.5        90.5       ]
 [15.49252687 73.60139165]
 [17.48197612 56.70278331]
 [26.46579508 39.80417538]
 [26.48635764 22.90548484]
 [29.07246555  6.73479841]
 [43.70770624 14.95019129]
 [57.79428853 31.78939799]
 [57.49941886 48.68838036]
 [58.34802525 65.91488757]
[59.         70.75      ]
 [59.         69.25      ]
 [59.         68.        ]
 [59.30478164 65.95262807]
 [60.39766174 63.84337859]
 [63.04391791 60.78460308]
 [64.41227499 58.77819409]
 [64.96984357 56.75385256]
 [65.         55.75      ]
 [65.         54.25      ]