[ 0.5        92.5       ]
 [ 3.47750465 79.46658097]
 [ 3.32287592 66.43316202]
 [12.64528674 53.39974463]
 [25.15919625 40.36622591]
 [26.50281952 27.33324381]
 [26.50684465 14.38428465]
 [33.81073334  6.50648078]
 [46.78149623  6.51901851]
 [58.58804728  7.58480747]
[59.          5.        ]
 [59.          6.5       ]
 [59.          8.        ]
 [59.30478164 10.04737193]
 [60.39766174 12.15662141]
 [63.04391791 15.21539692]
 [64.41227499 17.22180591]
 [64.96984357 19.24614744]
 [65.         20.        ]
 [65.         21.5       ]