[12.5        90.5       ]
 [13.49537127 77.17088608]
 [13.35532664 63.84177215]
 [21.48524583 50.51265823]
 [26.42465601 37.18354595]
 [26.49179418 23.85437322]
 [26.4935752  10.52528089]
 [38.24534417  7.5113063 ]
 [39.46829363 20.10322411]
 [40.99888849 31.98350117]
[41.         34.75      ]
 [41.         33.25      ]
 [41.         32.        ]
 [40.69521836 29.95262807]
 [39.60233826 27.84337859]
 [36.95608209 24.78460308]
 [35.58772501 22.77819409]
 [35.03015643 20.75385256]
 [35.         19.75      ]
 [35.         18.25      ]