[ 3.5        97.5       ]
 [ 4.50002782 82.56637168]
 [ 4.4687842  67.63274336]
 [17.30306228 52.69911558]
 [26.52873591 37.76545014]
 [26.49944493 22.83417841]
 [27.2706018   7.75703037]
 [42.01703984 10.96435856]
 [51.36900989 25.96904004]
 [58.23436337 40.99215235]
[59.         46.75      ]
 [59.         45.25      ]
 [59.         44.        ]
 [59.30478164 41.95262807]
 [60.39766174 39.84337859]
 [63.04391791 36.78460308]
 [64.41227499 34.77819409]
 [64.96984357 32.75385256]
 [65.         31.75      ]
 [65.         30.25      ]