[12.5        94.5       ]
 [13.4965484  78.46659708]
 [14.37282249 62.43319397]
 [26.81614584 46.39980281]
 [26.49612973 30.36594566]
 [26.48246631 14.32650394]
 [36.6446582   6.96337551]
 [40.49404289 21.72569837]
 [40.50109195 37.76277001]
 [40.4664263  53.95226404]
[41.         58.75      ]
 [41.         57.25      ]
 [41.         56.        ]
 [40.69521836 53.95262807]
 [39.60233826 51.84337859]
 [36.95608209 48.78460308]
 [35.58772501 46.77819409]
 [35.03015643 44.75385256]
 [35.         43.75      ]
 [35.         42.25      ]