[10.5        99.5       ]
 [10.49955568 69.2687222 ]
 [ 6.48649156 39.03590346]
 [21.19413489 13.73090458]
 [51.53861581 20.41866412]
 [56.50003719 50.65639015]
 [56.75459137 80.90468579]
 [79.78983237 86.78949696]
 [80.49984663 56.64974666]
 [80.49284204 26.42270538]
[81.          5.        ]
 [81.          6.5       ]
 [81.          8.        ]
 [80.69521836 10.04737193]
 [79.60233826 12.15662141]
 [76.95608209 15.21539692]
 [75.58772501 17.22180591]
 [75.03015643 19.24614744]
 [75.         20.        ]
 [75.         21.5       ]