[ 1.5        96.5       ]
 [ 4.60978824 73.13352274]
 [21.48161608 49.76703758]
 [26.50064973 26.40083403]
 [31.83644286  6.24402722]
 [55.56499044 24.33907156]
 [59.50002302 47.69886203]
 [59.49309576 71.06647903]
 [68.46712207 93.59303364]
 [79.49510987 80.20466853]
[81.         65.        ]
 [81.         66.5       ]
 [81.         68.        ]
 [80.69521836 70.04737193]
 [79.60233826 72.15662141]
 [76.95608209 75.21539692]
 [75.58772501 77.22180591]
 [75.03015643 79.24614744]
 [75.         80.        ]
 [75.         81.5       ]