[13.5        91.5       ]
 [14.33480225 62.46662848]
 [26.51657952 33.43384599]
 [30.39224927  6.08327994]
 [57.77277022 28.63194508]
 [57.4999312  57.6668631 ]
 [60.69563833 86.65680677]
 [80.5365093  82.26617117]
 [80.4061093  53.23302387]
 [82.09544896 24.19568464]
[89.          5.        ]
 [89.          6.5       ]
 [89.          8.        ]
 [89.30478164 10.04737193]
 [90.39766174 12.15662141]
 [93.04391791 15.21539692]
 [94.41227499 17.22180591]
 [94.96984357 19.24614744]
 [95.         20.        ]
 [95.         21.5       ]