[ 5.5        95.5       ]
 [ 6.48757049 77.13357401]
 [11.14224291 58.76714802]
 [26.51142044 40.40072208]
 [26.48420264 22.03421265]
 [31.22905529  6.10854411]
 [49.67251941 18.69492462]
 [57.19272153 37.06517255]
 [59.49821306 55.43235462]
 [59.50542267 73.82234096]
[59.         82.75      ]
 [59.         81.25      ]
 [59.         80.        ]
 [59.30478164 77.95262807]
 [60.39766174 75.84337859]
 [63.04391791 72.78460308]
 [64.41227499 70.77819409]
 [64.96984357 68.75385256]
 [65.         67.75      ]
 [65.         66.25      ]