[ 9.5        92.5       ]
 [ 9.50089048 63.50000259]
 [ 7.32206562 34.50868559]
 [21.48503163 13.67769589]
 [50.66573929 19.48665851]
 [54.5        48.5       ]
 [54.33146929 77.49462561]
 [78.96358508 91.83775627]
 [80.50041848 62.50015301]
 [80.50562342 33.49383415]
[81.         17.        ]
 [81.         18.5       ]
 [81.         20.        ]
 [80.69521836 22.04737193]
 [79.60233826 24.15662141]
 [76.95608209 27.21539692]
 [75.58772501 29.22180591]
 [75.03015643 31.24614744]
 [75.         32.        ]
 [75.         33.5       ]