[ 5.5        95.5       ]
 [ 6.49812235 81.5       ]
 [ 6.2921696  67.5       ]
 [16.48275937 53.49999997]
 [26.58137808 39.50000065]
 [26.5        25.5       ]
 [26.3251937  11.49903229]
 [37.94049912  7.37851167]
 [39.81563914 20.46733254]
 [40.93869314 32.37251043]
[41.         34.75      ]
 [41.         33.25      ]
 [41.         32.        ]
 [40.69521836 29.95262807]
 [39.60233826 27.84337859]
 [36.95608209 24.78460308]
 [35.58772501 22.77819409]
 [35.03015643 20.75385256]
 [35.         19.75      ]
 [35.         18.25      ]