[10.5        90.5       ]
 [11.49959987 75.23233405]
 [11.65881838 59.9646681 ]
 [25.04647638 44.69700201]
 [26.50790409 29.42934587]
 [26.38785341 14.16102994]
 [36.13145937  6.89448454]
 [51.44922472 20.35702944]
 [57.4388991  35.63909023]
 [57.93081878 51.05351102]
[59.         58.75      ]
 [59.         57.25      ]
 [59.         56.        ]
 [59.30478164 53.95262807]
 [60.39766174 51.84337859]
 [63.04391791 48.78460308]
 [64.41227499 46.77819409]
 [64.96984357 44.75385256]
 [65.         43.75      ]
 [65.         42.25      ]