[ 9.5        90.5       ]
 [10.49525142 77.17088608]
 [10.35946881 63.84177215]
 [18.48653035 50.51265823]
 [26.6431725  37.18354595]
 [26.48566181 23.85437322]
 [26.4935716  10.52528089]
 [38.24535002  7.5113063 ]
 [39.46829346 20.10322411]
 [40.99888849 31.98350117]
[41.         34.75      ]
 [41.         33.25      ]
 [41.         32.        ]
 [40.69521836 29.95262807]
 [39.60233826 27.84337859]
 [36.95608209 24.78460308]
 [35.58772501 22.77819409]
 [35.03015643 20.75385256]
 [35.         19.75      ]
 [35.         18.25      ]