[ 1.5        90.5       ]
 [ 4.47784464 72.46660482]
 [10.6721074  54.43320963]
 [25.42029977 36.39981572]
 [26.55505684 18.36668715]
 [34.67755974  6.53688716]
 [52.14498405 21.68836335]
 [53.49264352 39.73367763]
 [53.51138806 57.76797012]
 [57.53915228 76.0115087 ]
[59.         82.75      ]
 [59.         81.25      ]
 [59.         80.        ]
 [59.30478164 77.95262807]
 [60.39766174 75.84337859]
 [63.04391791 72.78460308]
 [64.41227499 70.77819409]
 [64.96984357 68.75385256]
 [65.         67.75      ]
 [65.         66.25      ]