[ 8.5        95.5       ]
 [ 9.49725427 79.56639004]
 [10.23979615 63.63278008]
 [21.76490579 47.69917024]
 [21.50060463 31.76555458]
 [21.42817078 15.83206147]
 [35.19813592  6.63586864]
 [40.63430155 20.0191287 ]
 [40.49844067 35.96635791]
 [40.44824888 52.05783786]
[41.         58.75      ]
 [41.         57.25      ]
 [41.         56.        ]
 [40.69521836 53.95262807]
 [39.60233826 51.84337859]
 [36.95608209 48.78460308]
 [35.58772501 46.77819409]
 [35.03015643 44.75385256]
 [35.         43.75      ]
 [35.         42.25      ]