[ 9.5        91.5       ]
 [15.52647866 78.27135678]
 [15.26434153 65.0427137 ]
 [25.30310332 51.81407136]
 [26.49968458 38.58527025]
 [26.4967131  25.36049103]
 [26.44035792 12.19521956]
 [36.15051345  6.72201156]
 [49.34592531 18.3203728 ]
 [59.34914459 31.86657713]
[59.         34.75      ]
 [59.         33.25      ]
 [59.         32.        ]
 [59.30478164 29.95262807]
 [60.39766174 27.84337859]
 [63.04391791 24.78460308]
 [64.41227499 22.77819409]
 [64.96984357 20.75385256]
 [65.         19.75      ]
 [65.         18.25      ]