[ 2.5        93.5       ]
 [ 5.48223386 80.13366336]
 [ 5.20658205 66.76732682]
 [15.59283338 53.4009899 ]
 [26.48362407 40.03457008]
 [26.50548556 26.67158773]
 [26.47225776 13.28655032]
 [35.22797736  6.13948739]
 [39.38399397 17.44417206]
 [41.50501932 30.7052032 ]
[41.         34.75      ]
 [41.         33.25      ]
 [41.         32.        ]
 [40.69521836 29.95262807]
 [39.60233826 27.84337859]
 [36.95608209 24.78460308]
 [35.58772501 22.77819409]
 [35.03015643 20.75385256]
 [35.         19.75      ]
 [35.         18.25      ]