[10.5        99.5       ]
 [11.49794986 85.56635071]
 [11.28895911 71.63270141]
 [21.4790824  57.69905273]
 [26.48169763 43.76539088]
 [26.49920286 29.83154494]
 [26.58015845 15.92757807]
 [33.039279    6.10932868]
 [39.29361534 16.00586606]
 [41.44847389 29.81712109]
[41.         34.75      ]
 [41.         33.25      ]
 [41.         32.        ]
 [40.69521836 29.95262807]
 [39.60233826 27.84337859]
 [36.95608209 24.78460308]
 [35.58772501 22.77819409]
 [35.03015643 20.75385256]
 [35.         19.75      ]
 [35.         18.25      ]