[12.5        94.5       ]
 [13.50003287 79.60158014]
 [13.45332159 64.70316028]
 [25.37737464 49.80473941]
 [25.50344141 34.90638713]
 [25.48481708 20.00373685]
 [29.79143956  6.71340851]
 [40.47672165 13.75787478]
 [40.49428983 28.68263954]
 [41.39164558 43.88952384]
[41.         46.75      ]
 [41.         45.25      ]
 [41.         44.        ]
 [40.69521836 41.95262807]
 [39.60233826 39.84337859]
 [36.95608209 36.78460308]
 [35.58772501 34.77819409]
 [35.03015643 32.75385256]
 [35.         31.75      ]
 [35.         30.25      ]