[ 9.5        91.5       ]
 [10.39352334 65.23274791]
 [26.6956197  38.96534725]
 [26.40996308 12.79927902]
 [48.56638797 17.56703001]
 [58.49243674 43.83629205]
 [58.48572585 70.10465389]
 [70.35287644 94.23490515]
 [80.50057552 75.36197899]
 [80.49785869 49.09366204]
[81.         29.        ]
 [81.         30.5       ]
 [81.         32.        ]
 [80.69521836 34.04737193]
 [79.60233826 36.15662141]
 [76.95608209 39.21539692]
 [75.58772501 41.22180591]
 [75.03015643 43.24614744]
 [75.         44.        ]
 [75.         45.5       ]