[ 0.5        97.5       ]
 [ 3.47962205 78.5       ]
 [11.59748547 59.49999934]
 [26.70968766 40.49989811]
 [26.50027792 21.49026345]
 [32.5         6.5       ]
 [48.49938356 20.48805432]
 [48.29254767 39.49986752]
 [55.3980592  58.49884889]
 [57.91987034 77.37807375]
[59.         82.75      ]
 [59.         81.25      ]
 [59.         80.        ]
 [59.30478164 77.95262807]
 [60.39766174 75.84337859]
 [63.04391791 72.78460308]
 [64.41227499 70.77819409]
 [64.96984357 68.75385256]
 [65.         67.75      ]
 [65.         66.25      ]