[11.5        94.5       ]
 [12.35366195 65.26879275]
 [26.50111147 36.03774189]
 [28.27118308  7.540782  ]
 [56.29012568 26.42707498]
 [56.49976661 55.65601783]
 [58.80329565 84.87164553]
 [80.4448303  83.86903904]
 [81.30494826 54.65032765]
 [81.99073468 25.42427048]
[89.          5.        ]
 [89.          6.5       ]
 [89.          8.        ]
 [89.30478164 10.04737193]
 [90.39766174 12.15662141]
 [93.04391791 15.21539692]
 [94.41227499 17.22180591]
 [94.96984357 19.24614744]
 [95.         20.        ]
 [95.         21.5       ]