[ 6.5        93.5       ]
 [ 7.29248874 65.46662706]
 [26.49472531 37.43338818]
 [26.17974116  9.22483804]
 [53.89897494 22.63340721]
 [57.50000206 50.6668653 ]
 [57.39789334 78.70032416]
 [79.82688963 91.47441149]
 [80.49926475 63.23292505]
 [80.49664596 35.19288027]
[81.         17.        ]
 [81.         18.5       ]
 [81.         20.        ]
 [80.69521836 22.04737193]
 [79.60233826 24.15662141]
 [76.95608209 27.21539692]
 [75.58772501 29.22180591]
 [75.03015643 31.24614744]
 [75.         32.        ]
 [75.         33.5       ]