[ 6.5        98.5       ]
 [ 7.49457395 82.03360489]
 [ 8.87687263 65.56720989]
 [25.07749287 49.10081116]
 [26.49894757 32.63402172]
 [26.59804146 16.22353415]
 [35.53609239  6.17079   ]
 [49.61449035 20.76475209]
 [50.33483749 37.22690372]
 [57.90315348 54.01585984]
[59.         58.75      ]
 [59.         57.25      ]
 [59.         56.        ]
 [59.30478164 53.95262807]
 [60.39766174 51.84337859]
 [63.04391791 48.78460308]
 [64.41227499 46.77819409]
 [64.96984357 44.75385256]
 [65.         43.75      ]
 [65.         42.25      ]