[ 0.5        93.5       ]
 [ 3.47709285 75.270073  ]
 [10.07306404 57.04014695]
 [26.41514704 38.81019089]
 [26.46745154 20.56372141]
 [32.84439569  6.2677859 ]
 [49.01261408 19.87963565]
 [51.04787522 38.10950067]
 [58.48703786 56.3400767 ]
 [58.40639412 74.48705003]
[59.         82.75      ]
 [59.         81.25      ]
 [59.         80.        ]
 [59.30478164 77.95262807]
 [60.39766174 75.84337859]
 [63.04391791 72.78460308]
 [64.41227499 70.77819409]
 [64.96984357 68.75385256]
 [65.         67.75      ]
 [65.         66.25      ]