[ 2.5        91.5       ]
 [ 3.49085005 72.2698962 ]
 [ 9.91192116 53.03979534]
 [23.58749541 33.8102588 ]
 [23.1726596  14.66693677]
 [39.27424329  8.34918463]
 [53.54144918 27.8799226 ]
 [53.48513812 47.11073024]
 [59.55012492 66.34035116]
 [59.48637609 85.46399336]
[59.         94.75      ]
 [59.         93.25      ]
 [59.         92.        ]
 [59.30478164 89.95262807]
 [60.39766174 87.84337859]
 [63.04391791 84.78460308]
 [64.41227499 82.77819409]
 [64.96984357 80.75385256]
 [65.         79.75      ]
 [65.         78.25      ]