[ 2.5        98.5       ]
 [16.68166049 79.60124334]
 [26.02897796 60.70248624]
 [26.49810575 41.80367151]
 [26.49355575 22.90132234]
 [30.88740447  6.61367383]
 [47.63842089 18.89274716]
 [48.49720758 37.79130757]
 [48.82312287 56.69102361]
 [57.5527565  75.60031511]
[59.         82.75      ]
 [59.         81.25      ]
 [59.         80.        ]
 [59.30478164 77.95262807]
 [60.39766174 75.84337859]
 [63.04391791 72.78460308]
 [64.41227499 70.77819409]
 [64.96984357 68.75385256]
 [65.         67.75      ]
 [65.         66.25      ]