[ 1.5        96.5       ]
 [ 4.47710783 78.23249551]
 [11.16087111 59.96499052]
 [25.47793799 41.6974957 ]
 [26.4986876  23.43819122]
 [29.64015806  6.10932633]
 [48.23349765 17.11801774]
 [49.49879828 35.37293577]
 [49.42465592 53.64040604]
 [55.18248155 71.8837014 ]
[59.         82.75      ]
 [59.         81.25      ]
 [59.         80.        ]
 [59.30478164 77.95262807]
 [60.39766174 75.84337859]
 [63.04391791 72.78460308]
 [64.41227499 70.77819409]
 [64.96984357 68.75385256]
 [65.         67.75      ]
 [65.         66.25      ]