[ 5.5        94.5       ]
 [23.01570616 76.03357532]
 [26.4093204  57.56715127]
 [26.49987014 39.1007487 ]
 [26.48087738 20.62709167]
 [32.93241189  6.11121659]
 [50.16974184 20.29270648]
 [52.50436346 38.76502301]
 [52.54500644 57.23299869]
 [57.02357288 75.84930637]
[59.         82.75      ]
 [59.         81.25      ]
 [59.         80.        ]
 [59.30478164 77.95262807]
 [60.39766174 75.84337859]
 [63.04391791 72.78460308]
 [64.41227499 70.77819409]
 [64.96984357 68.75385256]
 [65.         67.75      ]
 [65.         66.25      ]