[ 6.5        97.5       ]
 [16.42237785 81.2704918 ]
 [20.17563254 65.04098377]
 [21.50996432 48.81146691]
 [21.49997706 32.58201222]
 [21.49967981 16.39471316]
 [35.07063052  6.12178557]
 [40.54514618 20.08942538]
 [40.50034173 36.33647215]
 [40.69976015 52.73245554]
[41.         58.75      ]
 [41.         57.25      ]
 [41.         56.        ]
 [40.69521836 53.95262807]
 [39.60233826 51.84337859]
 [36.95608209 48.78460308]
 [35.58772501 46.77819409]
 [35.03015643 44.75385256]
 [35.         43.75      ]
 [35.         42.25      ]