[14.5        90.5       ]
 [20.63587844 67.70116618]
 [26.50552403 44.90233226]
 [26.48528318 22.10341426]
 [35.72042415  6.78222492]
 [58.83680752 27.49592256]
 [59.50213042 50.29300339]
 [59.49379846 73.09258002]
 [69.86587396 94.27624685]
 [79.49558645 79.31195755]
[81.         65.        ]
 [81.         66.5       ]
 [81.         68.        ]
 [80.69521836 70.04737193]
 [79.60233826 72.15662141]
 [76.95608209 75.21539692]
 [75.58772501 77.22180591]
 [75.03015643 79.24614744]
 [75.         80.        ]
 [75.         81.5       ]