[ 3.5        90.5       ]
 [ 3.18325875 62.5       ]
 [26.75445539 34.49999759]
 [28.66393485  7.0155891 ]
 [56.83660184 25.50446022]
 [59.5        53.5       ]
 [59.29211964 81.5249258 ]
 [79.74610731 88.40816051]
 [80.52265778 60.50005688]
 [84.34160515 32.48748321]
[89.         17.        ]
 [89.         18.5       ]
 [89.         20.        ]
 [89.30478164 22.04737193]
 [90.39766174 24.15662141]
 [93.04391791 27.21539692]
 [94.41227499 29.22180591]
 [94.96984357 31.24614744]
 [95.         32.        ]
 [95.         33.5       ]