[11.5        95.5       ]
 [12.4887452  78.27027027]
 [15.08977572 61.04054054]
 [18.5168504  43.81081051]
 [18.49862996 26.5811004 ]
 [25.73703796  9.36550359]
 [39.6698562  11.72709628]
 [40.50566887 29.10741396]
 [40.50215074 46.33988681]
 [40.50990526 63.57626137]
[41.         70.75      ]
 [41.         69.25      ]
 [41.         68.        ]
 [40.69521836 65.95262807]
 [39.60233826 63.84337859]
 [36.95608209 60.78460308]
 [35.58772501 58.77819409]
 [35.03015643 56.75385256]
 [35.         55.75      ]
 [35.         54.25      ]