[ 2.5        91.5       ]
 [14.5308334  72.2698962 ]
 [14.50022285 53.03979534]
 [14.47793016 33.8102588 ]
 [20.4214015  14.66693677]
 [39.01088353  8.34918463]
 [41.54517123 27.8799226 ]
 [41.49969459 47.11073024]
 [41.49993125 66.34035116]
 [41.4858356  85.46399336]
[41.         94.75      ]
 [41.         93.25      ]
 [41.         92.        ]
 [40.69521836 89.95262807]
 [39.60233826 87.84337859]
 [36.95608209 84.78460308]
 [35.58772501 82.77819409]
 [35.03015643 80.75385256]
 [35.         79.75      ]
 [35.         78.25      ]