[ 3.5        94.5       ]
 [ 4.49521433 81.17088607]
 [ 4.36075079 67.84177219]
 [12.4869279  54.51265824]
 [25.54838892 41.1835071 ]
 [26.52645054 27.85572151]
 [26.50252249 14.52611975]
 [33.80817659  6.3591924 ]
 [47.12433399  6.4428213 ]
 [58.98802076  7.7545965 ]
[59.          5.        ]
 [59.          6.5       ]
 [59.          8.        ]
 [59.30478164 10.04737193]
 [60.39766174 12.15662141]
 [63.04391791 15.21539692]
 [64.41227499 17.22180591]
 [64.96984357 19.24614744]
 [65.         20.        ]
 [65.         21.5       ]