[ 9.5        97.5       ]
 [10.50003372 82.56637168]
 [10.46818825 67.63274336]
 [23.34844127 52.69911558]
 [25.49752206 37.76545014]
 [25.49741493 22.83417841]
 [27.22025659  7.75703037]
 [39.3793169  10.96435856]
 [41.41653587 25.96904004]
 [41.53164231 40.99215235]
[41.         46.75      ]
 [41.         45.25      ]
 [41.         44.        ]
 [40.69521836 41.95262807]
 [39.60233826 39.84337859]
 [36.95608209 36.78460308]
 [35.58772501 34.77819409]
 [35.03015643 32.75385256]
 [35.         31.75      ]
 [35.         30.25      ]