[ 5.5        95.5       ]
 [15.45759973 77.13357401]
 [24.26230467 58.76714802]
 [26.49935321 40.40072208]
 [26.48546068 22.03421265]
 [31.22757686  6.10854411]
 [49.6461728  18.69492462]
 [51.50457412 37.06517255]
 [51.55765975 55.43235462]
 [56.61811715 73.82234096]
[59.         82.75      ]
 [59.         81.25      ]
 [59.         80.        ]
 [59.30478164 77.95262807]
 [60.39766174 75.84337859]
 [63.04391791 72.78460308]
 [64.41227499 70.77819409]
 [64.96984357 68.75385256]
 [65.         67.75      ]
 [65.         66.25      ]