[ 0.5        97.5       ]
 [ 3.48849256 83.70192308]
 [ 3.09675315 69.90384611]
 [14.85027776 56.10577061]
 [26.54440509 42.30768402]
 [26.50590883 28.50816723]
 [26.50192996 14.80296973]
 [34.29831883  6.23478292]
 [39.54303442 16.87564246]
 [40.45289503 30.90779918]
[41.         34.75      ]
 [41.         33.25      ]
 [41.         32.        ]
 [40.69521836 29.95262807]
 [39.60233826 27.84337859]
 [36.95608209 24.78460308]
 [35.58772501 22.77819409]
 [35.03015643 20.75385256]
 [35.         19.75      ]
 [35.         18.25      ]