[ 6.5        92.5       ]
 [16.42913344 74.16972478]
 [16.49946333 55.83945119]
 [16.49999884 37.50917293]
 [16.77172619 19.15419568]
 [34.31546146  6.22414966]
 [40.50046807 21.48147308]
 [40.50028617 39.8118122 ]
 [40.50068497 58.14124263]
 [40.4982741  76.47489938]
[41.         82.75      ]
 [41.         81.25      ]
 [41.         80.        ]
 [40.69521836 77.95262807]
 [39.60233826 75.84337859]
 [36.95608209 72.78460308]
 [35.58772501 70.77819409]
 [35.03015643 68.75385256]
 [35.         67.75      ]
 [35.         66.25      ]