[ 5.5        94.5       ]
 [ 5.499811   79.60158014]
 [ 5.51884652 64.70316028]
 [14.20073591 49.80473941]
 [26.44452437 34.90638713]
 [26.49003964 20.00373685]
 [29.88625741  6.71340851]
 [44.84262696 13.75787478]
 [52.47126953 28.68263954]
 [59.33551712 43.88952384]
[59.         46.75      ]
 [59.         45.25      ]
 [59.         44.        ]
 [59.30478164 41.95262807]
 [60.39766174 39.84337859]
 [63.04391791 36.78460308]
 [64.41227499 34.77819409]
 [64.96984357 32.75385256]
 [65.         31.75      ]
 [65.         30.25      ]