[13.5        97.5       ]
 [14.49691207 77.70134228]
 [22.0803384  57.90268429]
 [26.50495129 38.10395355]
 [26.49925612 18.28786391]
 [36.60868067  6.15964189]
 [52.49331544 25.29588142]
 [52.49998481 45.09062578]
 [52.48786185 64.88882957]
 [55.77707671 84.60259648]
[59.         94.75      ]
 [59.         93.25      ]
 [59.         92.        ]
 [59.30478164 89.95262807]
 [60.39766174 87.84337859]
 [63.04391791 84.78460308]
 [64.41227499 82.77819409]
 [64.96984357 80.75385256]
 [65.         79.75      ]
 [65.         78.25      ]