[14.5        90.5       ]
 [15.32126742 61.70092379]
 [26.51217664 32.9018417 ]
 [30.80173629  6.14422502]
 [57.54512857 28.69604688]
 [57.50035811 57.49535393]
 [59.92578891 86.20296752]
 [80.57868233 82.93646215]
 [80.48503974 54.10739416]
 [82.25020523 25.31083916]
[89.          5.        ]
 [89.          6.5       ]
 [89.          8.        ]
 [89.30478164 10.04737193]
 [90.39766174 12.15662141]
 [93.04391791 15.21539692]
 [94.41227499 17.22180591]
 [94.96984357 19.24614744]
 [95.         20.        ]
 [95.         21.5       ]