[10.5        99.5       ]
 [11.49967015 84.27074236]
 [11.63435459 69.04148473]
 [24.86821283 53.81222628]
 [25.49998004 38.58302655]
 [25.48624187 23.34991636]
 [26.47372634  8.40591145]
 [40.13018139 10.99042839]
 [41.60843971 26.33067853]
 [41.54085934 41.88757129]
[41.         46.75      ]
 [41.         45.25      ]
 [41.         44.        ]
 [40.69521836 41.95262807]
 [39.60233826 39.84337859]
 [36.95608209 36.78460308]
 [35.58772501 34.77819409]
 [35.03015643 32.75385256]
 [35.         31.75      ]
 [35.         30.25      ]