[10.5        99.5       ]
 [10.50043595 70.23280697]
 [ 6.15636167 40.96465211]
 [13.39923054 17.61069191]
 [42.56845632 11.45316744]
 [59.52109686 40.83592451]
 [59.49497016 70.10364559]
 [73.3567628  94.51722859]
 [80.50266029 69.36305119]
 [81.03345301 40.09576331]
[89.         17.        ]
 [89.         18.5       ]
 [89.         20.        ]
 [89.30478164 22.04737193]
 [90.39766174 24.15662141]
 [93.04391791 27.21539692]
 [94.41227499 29.22180591]
 [94.96984357 31.24614744]
 [95.         32.        ]
 [95.         33.5       ]