[ 2.5        90.5       ]
 [16.57917673 71.16956522]
 [16.50080281 51.83913041]
 [16.48495382 32.50868949]
 [21.71574603 13.17719621]
 [39.84215729  9.92305194]
 [41.59359687 29.48165677]
 [41.50019928 48.81304063]
 [41.50010096 68.14362201]
 [41.54387382 87.53549037]
[41.         94.75      ]
 [41.         93.25      ]
 [41.         92.        ]
 [40.69521836 89.95262807]
 [39.60233826 87.84337859]
 [36.95608209 84.78460308]
 [35.58772501 82.77819409]
 [35.03015643 80.75385256]
 [35.         79.75      ]
 [35.         78.25      ]