[ 9.5        99.5       ]
 [10.50007548 79.56644518]
 [10.50000708 59.63289033]
 [10.50178738 39.69932611]
 [15.19564434 19.76339643]
 [35.17614699  6.40309777]
 [41.4419794  24.10014867]
 [41.49964878 44.03487599]
 [41.49996028 63.96832563]
 [41.49199648 83.87798283]
[41.         94.75      ]
 [41.         93.25      ]
 [41.         92.        ]
 [40.69521836 89.95262807]
 [39.60233826 87.84337859]
 [36.95608209 84.78460308]
 [35.58772501 82.77819409]
 [35.03015643 80.75385256]
 [35.         79.75      ]
 [35.         78.25      ]