[ 4.5        99.5       ]
 [ 5.49507227 83.13360324]
 [ 6.74913742 66.76720654]
 [22.67333579 50.40080738]
 [26.50667073 34.03431251]
 [26.56184345 17.69091357]
 [33.71016747  6.13993318]
 [48.3746078  19.06961552]
 [49.78180851 35.4296431 ]
 [57.4948902  52.00832674]
[59.         58.75      ]
 [59.         57.25      ]
 [59.         56.        ]
 [59.30478164 53.95262807]
 [60.39766174 51.84337859]
 [63.04391791 48.78460308]
 [64.41227499 46.77819409]
 [64.96984357 44.75385256]
 [65.         43.75      ]
 [65.         42.25      ]