[13.5        92.5       ]
 [14.49586376 79.03366583]
 [14.33896574 65.56733181]
 [22.91278352 52.1009962 ]
 [26.46279775 38.63455258]
 [26.50167136 25.17429704]
 [26.50172634 11.59641489]
 [36.92681109  6.22148063]
 [39.40157728 19.22615665]
 [41.47041818 32.08114894]
[41.         34.75      ]
 [41.         33.25      ]
 [41.         32.        ]
 [40.69521836 29.95262807]
 [39.60233826 27.84337859]
 [36.95608209 24.78460308]
 [35.58772501 22.77819409]
 [35.03015643 20.75385256]
 [35.         19.75      ]
 [35.         18.25      ]