[ 2.5        94.5       ]
 [ 5.48305251 77.16990292]
 [10.10769945 59.83980575]
 [26.30236369 42.50967468]
 [26.50360876 25.18100849]
 [27.41058942  8.21018056]
 [43.36880335 13.43409183]
 [50.50379228 30.81014109]
 [50.24076433 48.13942784]
 [57.88141718 65.35349685]
[59.         70.75      ]
 [59.         69.25      ]
 [59.         68.        ]
 [59.30478164 65.95262807]
 [60.39766174 63.84337859]
 [63.04391791 60.78460308]
 [64.41227499 58.77819409]
 [64.96984357 56.75385256]
 [65.         55.75      ]
 [65.         54.25      ]