[ 1.5        92.5       ]
 [ 4.16570538 65.50000014]
 [25.41343597 38.49989661]
 [26.49960049 11.36438732]
 [50.44267463 19.47575019]
 [59.5        46.5       ]
 [59.49872327 73.49822249]
 [74.47999719 94.74994846]
 [80.5057824  70.50049184]
 [84.71091642 43.4842145 ]
[89.         29.        ]
 [89.         30.5       ]
 [89.         32.        ]
 [89.30478164 34.04737193]
 [90.39766174 36.15662141]
 [93.04391791 39.21539692]
 [94.41227499 41.22180591]
 [94.96984357 43.24614744]
 [95.         44.        ]
 [95.         45.5       ]