[10.5        92.5       ]
 [11.49118536 75.46660119]
 [13.72845702 58.43320185]
 [26.58776314 41.39974779]
 [26.49880726 24.37309505]
 [27.60664928  7.40521666]
 [43.5770692  13.81271014]
 [54.56657874 30.73313761]
 [59.40277682 47.7648625 ]
 [59.55379935 65.03724832]
[59.         70.75      ]
 [59.         69.25      ]
 [59.         68.        ]
 [59.30478164 65.95262807]
 [60.39766174 63.84337859]
 [63.04391791 60.78460308]
 [64.41227499 58.77819409]
 [64.96984357 56.75385256]
 [65.         55.75      ]
 [65.         54.25      ]