[ 1.5        96.5       ]
 [ 4.48178594 79.03358925]
 [ 9.42309782 61.56717852]
 [25.28085521 44.10080622]
 [26.49900107 26.63402538]
 [27.04274816  8.78734032]
 [43.27868242 12.27492807]
 [49.50617744 29.76310126]
 [49.42034369 47.23176152]
 [57.48927108 64.97018494]
[59.         70.75      ]
 [59.         69.25      ]
 [59.         68.        ]
 [59.30478164 65.95262807]
 [60.39766174 63.84337859]
 [63.04391791 60.78460308]
 [64.41227499 58.77819409]
 [64.96984357 56.75385256]
 [65.         55.75      ]
 [65.         54.25      ]