[ 5.5        95.5       ]
 [ 6.29421265 67.16863905]
 [26.60010755 38.83727921]
 [26.49854494 10.50590884]
 [52.92564868 21.81423412]
 [57.50096125 50.15680479]
 [57.50157443 78.48807292]
 [79.059944   91.46829815]
 [80.50041226 62.84926431]
 [80.4999198  34.51783941]
[81.         17.        ]
 [81.         18.5       ]
 [81.         20.        ]
 [80.69521836 22.04737193]
 [79.60233826 24.15662141]
 [76.95608209 27.21539692]
 [75.58772501 29.22180591]
 [75.03015643 31.24614744]
 [75.         32.        ]
 [75.         33.5       ]