[ 1.5        95.5       ]
 [16.30453064 80.70179372]
 [25.34486899 65.90358744]
 [25.50020344 51.10538115]
 [26.37219764 36.30717605]
 [26.49090812 21.50889924]
 [28.49988268  7.14998483]
 [43.08603265 11.95609808]
 [51.46215015 26.88252329]
 [57.89736312 42.00227283]
[59.         46.75      ]
 [59.         45.25      ]
 [59.         44.        ]
 [59.30478164 41.95262807]
 [60.39766174 39.84337859]
 [63.04391791 36.78460308]
 [64.41227499 34.77819409]
 [64.96984357 32.75385256]
 [65.         31.75      ]
 [65.         30.25      ]