[11.5        98.5       ]
 [12.51266387 73.70107239]
 [26.50167579 48.90214225]
 [26.50464652 24.10575888]
 [35.73095356  6.24664155]
 [59.16890582 29.4946471 ]
 [59.5003783  54.29356556]
 [59.60697405 79.09257446]
 [78.34210472 93.4486149 ]
 [80.50339054 69.29713042]
[81.         53.        ]
 [81.         54.5       ]
 [81.         56.        ]
 [80.69521836 58.04737193]
 [79.60233826 60.15662141]
 [76.95608209 63.21539692]
 [75.58772501 65.22180591]
 [75.03015643 67.24614744]
 [75.         68.        ]
 [75.         69.5       ]