[ 3.5        99.5       ]
 [ 4.49505041 83.13360324]
 [ 5.75115672 66.76720654]
 [21.59204561 50.40080738]
 [26.51025917 34.03431251]
 [26.56017449 17.69091357]
 [33.81789907  6.13993318]
 [47.37569848 19.06961552]
 [49.86490401 35.4296431 ]
 [57.49287474 52.00832674]
[59.         58.75      ]
 [59.         57.25      ]
 [59.         56.        ]
 [59.30478164 53.95262807]
 [60.39766174 51.84337859]
 [63.04391791 48.78460308]
 [64.41227499 46.77819409]
 [64.96984357 44.75385256]
 [65.         43.75      ]
 [65.         42.25      ]