[ 3.5        90.5       ]
 [ 4.31478104 61.70092379]
 [26.78709933 32.9018417 ]
 [30.80184166  6.14422502]
 [57.54512858 28.69604688]
 [57.50035811 57.49535393]
 [59.92578898 86.20296752]
 [80.57880317 82.93646215]
 [80.55616483 54.10739416]
 [82.25101485 25.31083916]
[89.          5.        ]
 [89.          6.5       ]
 [89.          8.        ]
 [89.30478164 10.04737193]
 [90.39766174 12.15662141]
 [93.04391791 15.21539692]
 [94.41227499 17.22180591]
 [94.96984357 19.24614744]
 [95.         20.        ]
 [95.         21.5       ]