[ 7.5        99.5       ]
 [ 5.50079474 84.46659243]
 [ 0.49431393 69.4331849 ]
 [ 4.5177773  54.3997738 ]
 [ 4.5172762  39.36661337]
 [ 5.50021909 24.31697105]
 [16.69527717 18.39676476]
 [31.74198409  6.44701992]
 [39.48623716 15.76896345]
 [40.55537988 30.70761381]
[41.         34.75      ]
 [41.         33.25      ]
 [41.         32.        ]
 [40.69521836 29.95262807]
 [39.60233826 27.84337859]
 [36.95608209 24.78460308]
 [35.58772501 22.77819409]
 [35.03015643 20.75385256]
 [35.         19.75      ]
 [35.         18.25      ]