[10.5        93.5       ]
 [10.4999791  76.7015811 ]
 [10.50142149 59.90315715]
 [ 9.28635969 43.10460239]
 [ 6.57638051 26.35105096]
 [15.53759625 16.6155796 ]
 [32.33014188  6.33899699]
 [40.54710379 18.08907641]
 [40.49961843 34.88829726]
 [40.47516068 51.83560744]
[41.         58.75      ]
 [41.         57.25      ]
 [41.         56.        ]
 [40.69521836 53.95262807]
 [39.60233826 51.84337859]
 [36.95608209 48.78460308]
 [35.58772501 46.77819409]
 [35.03015643 44.75385256]
 [35.         43.75      ]
 [35.         42.25      ]