[ 7.5        93.5       ]
 [ 3.94147604 74.70141349]
 [ 5.59587023 55.90283954]
 [ 7.48380399 37.10568586]
 [10.6726381  19.45940892]
 [29.48833104  6.89139214]
 [40.41375652 17.31850462]
 [41.50768956 36.09027015]
 [41.50005343 54.88891811]
 [41.49000961 73.62700526]
[41.         82.75      ]
 [41.         81.25      ]
 [41.         80.        ]
 [40.69521836 77.95262807]
 [39.60233826 75.84337859]
 [36.95608209 72.78460308]
 [35.58772501 70.77819409]
 [35.03015643 68.75385256]
 [35.         67.75      ]
 [35.         66.25      ]