[ 4.5        95.5       ]
 [ 3.31584906 66.13348392]
 [ 6.49886065 36.7659459 ]
 [14.68576022 13.29243216]
 [43.97285406 12.96696154]
 [59.51501941 42.33257953]
 [59.48557213 71.69908407]
 [75.16398983 94.37254973]
 [80.5002206  67.56789956]
 [81.21324814 38.20266277]
[89.         17.        ]
 [89.         18.5       ]
 [89.         20.        ]
 [89.30478164 22.04737193]
 [90.39766174 24.15662141]
 [93.04391791 27.21539692]
 [94.41227499 29.22180591]
 [94.96984357 31.24614744]
 [95.         32.        ]
 [95.         33.5       ]