[12.5        91.5       ]
 [13.53562521 67.16896548]
 [26.72332321 42.83797025]
 [26.52674131 18.47632422]
 [40.80419     9.48843887]
 [59.49399774 34.15564638]
 [59.49980673 58.48623938]
 [59.54193761 82.81040321]
 [79.36602071 90.85083502]
 [85.15063637 66.50784026]
[89.         53.        ]
 [89.         54.5       ]
 [89.         56.        ]
 [89.30478164 58.04737193]
 [90.39766174 60.15662141]
 [93.04391791 63.21539692]
 [94.41227499 65.22180591]
 [94.96984357 67.24614744]
 [95.         68.        ]
 [95.         69.5       ]