[ 6.5        96.5       ]
 [ 7.4997246  72.2692308 ]
 [ 7.50028165 48.038434  ]
 [ 7.29726219 23.82757308]
 [27.42503987  8.00280759]
 [51.65105975 20.64659979]
 [59.49759878 44.88461952]
 [59.50238874 69.11515234]
 [67.36879275 93.71641178]
 [79.4260926  80.42301048]
[81.         65.        ]
 [81.         66.5       ]
 [81.         68.        ]
 [80.69521836 70.04737193]
 [79.60233826 72.15662141]
 [76.95608209 75.21539692]
 [75.58772501 77.22180591]
 [75.03015643 79.24614744]
 [75.         80.        ]
 [75.         81.5       ]