[ 5.5        97.5       ]
 [ 6.49582294 81.2704918 ]
 [ 7.57474888 65.04098377]
 [23.3773251  48.81146691]
 [26.4992822  32.58201222]
 [26.50164194 16.39471316]
 [35.06241528  6.12178557]
 [49.00994258 20.08942538]
 [50.44669866 36.33647215]
 [58.10991406 52.73245554]
[59.         58.75      ]
 [59.         57.25      ]
 [59.         56.        ]
 [59.30478164 53.95262807]
 [60.39766174 51.84337859]
 [63.04391791 48.78460308]
 [64.41227499 46.77819409]
 [64.96984357 44.75385256]
 [65.         43.75      ]
 [65.         42.25      ]