[ 2.5        95.5       ]
 [ 5.49713226 79.56639004]
 [ 6.93742721 63.63278008]
 [23.61956436 47.69917024]
 [26.49976466 31.76555458]
 [26.51950518 15.83206147]
 [35.12219602  6.63586864]
 [50.18621821 20.0191287 ]
 [50.82568356 35.96635791]
 [57.68073484 52.05783786]
[59.         58.75      ]
 [59.         57.25      ]
 [59.         56.        ]
 [59.30478164 53.95262807]
 [60.39766174 51.84337859]
 [63.04391791 48.78460308]
 [64.41227499 46.77819409]
 [64.96984357 44.75385256]
 [65.         43.75      ]
 [65.         42.25      ]