[ 3.5        90.5       ]
 [ 6.47787385 72.46660482]
 [12.67447941 54.43320963]
 [26.64691975 36.39981572]
 [26.54899793 18.36668715]
 [34.67169998  6.53688716]
 [53.00323978 21.68836335]
 [57.90500177 39.73367763]
 [58.50081493 57.76797012]
 [58.45331274 76.0115087 ]
[59.         82.75      ]
 [59.         81.25      ]
 [59.         80.        ]
 [59.30478164 77.95262807]
 [60.39766174 75.84337859]
 [63.04391791 72.78460308]
 [64.41227499 70.77819409]
 [64.96984357 68.75385256]
 [65.         67.75      ]
 [65.         66.25      ]