[10.5        92.5       ]
 [ 6.43789226 75.27027022]
 [ 5.25655098 58.04054216]
 [ 5.49342915 40.81121817]
 [ 5.52291168 23.55487721]
 [13.69736943 12.53557149]
 [30.86335617  6.55560655]
 [43.54314516 17.09022165]
 [49.69748297 34.34037437]
 [59.49989374 51.5762616 ]
[59.         58.75      ]
 [59.         57.25      ]
 [59.         56.        ]
 [59.30478164 53.95262807]
 [60.39766174 51.84337859]
 [63.04391791 48.78460308]
 [64.41227499 46.77819409]
 [64.96984357 44.75385256]
 [65.         43.75      ]
 [65.         42.25      ]