[12.5        93.5       ]
 [ 8.35486504 74.60124335]
 [ 6.09044081 55.70248906]
 [ 8.49118347 36.80404973]
 [12.03792799 19.3210549 ]
 [30.97782729  6.61896122]
 [47.20500573 18.8928433 ]
 [47.12470967 37.79130832]
 [56.38355379 56.69102361]
 [57.52544175 75.60031511]
[59.         82.75      ]
 [59.         81.25      ]
 [59.         80.        ]
 [59.30478164 77.95262807]
 [60.39766174 75.84337859]
 [63.04391791 72.78460308]
 [64.41227499 70.77819409]
 [64.96984357 68.75385256]
 [65.         67.75      ]
 [65.         66.25      ]