[ 2.5        92.5       ]
 [12.80009881 79.46658097]
 [12.67830275 66.43316202]
 [23.77739905 53.39974463]
 [26.47197854 40.36622591]
 [26.5001252  27.33324381]
 [26.50609313 14.38428465]
 [33.81075132  6.50648078]
 [46.78149663  6.51901851]
 [58.58804726  7.58480747]
[59.          5.        ]
 [59.          6.5       ]
 [59.          8.        ]
 [59.30478164 10.04737193]
 [60.39766174 12.15662141]
 [63.04391791 15.21539692]
 [64.41227499 17.22180591]
 [64.96984357 19.24614744]
 [65.         20.        ]
 [65.         21.5       ]