[ 6.5        95.5       ]
 [ 7.49811368 81.5       ]
 [ 7.29272426 67.5       ]
 [17.45989706 53.49999997]
 [26.49479349 39.50000065]
 [26.5        25.5       ]
 [26.32510013 11.49903229]
 [37.95029193  7.37851167]
 [39.34789587 20.46733254]
 [40.90900163 32.37251043]
[41.         34.75      ]
 [41.         33.25      ]
 [41.         32.        ]
 [40.69521836 29.95262807]
 [39.60233826 27.84337859]
 [36.95608209 24.78460308]
 [35.58772501 22.77819409]
 [35.03015643 20.75385256]
 [35.         19.75      ]
 [35.         18.25      ]