[ 6.5        95.5       ]
 [ 7.49999551 80.70179372]
 [ 7.41491685 65.90358744]
 [19.83572649 51.10538115]
 [25.46513976 36.30717605]
 [25.48196638 21.50889924]
 [28.32154399  7.14998483]
 [39.63160353 11.95609808]
 [41.18044274 26.88252329]
 [41.55893641 42.00227283]
[41.         46.75      ]
 [41.         45.25      ]
 [41.         44.        ]
 [40.69521836 41.95262807]
 [39.60233826 39.84337859]
 [36.95608209 36.78460308]
 [35.58772501 34.77819409]
 [35.03015643 32.75385256]
 [35.         31.75      ]
 [35.         30.25      ]