[ 7.5        90.5       ]
 [18.44948098 63.23095345]
 [ 4.50104814 40.94843105]
 [15.30006302 20.04885629]
 [42.56262993 11.44342461]
 [58.52826903 38.83603559]
 [58.50375985 66.10308368]
 [67.37901036 93.06488908]
 [80.51856561 77.36221553]
 [81.49968754 50.09464949]
[81.         29.        ]
 [81.         30.5       ]
 [81.         32.        ]
 [80.69521836 34.04737193]
 [79.60233826 36.15662141]
 [76.95608209 39.21539692]
 [75.58772501 41.22180591]
 [75.03015643 43.24614744]
 [75.         44.        ]
 [75.         45.5       ]