[ 4.5        94.5       ]
 [ 5.49680169 78.46659708]
 [ 6.34639702 62.43319397]
 [21.69642562 46.39980281]
 [26.48019396 30.36594566]
 [26.48263667 14.32650394]
 [36.54832311  6.96337551]
 [50.25547648 21.72569837]
 [51.05955714 37.76277001]
 [59.580554   53.95226404]
[59.         58.75      ]
 [59.         57.25      ]
 [59.         56.        ]
 [59.30478164 53.95262807]
 [60.39766174 51.84337859]
 [63.04391791 48.78460308]
 [64.41227499 46.77819409]
 [64.96984357 44.75385256]
 [65.         43.75      ]
 [65.         42.25      ]