[ 1.5        98.5       ]
 [ 2.49004345 79.60124334]
 [ 5.40303135 60.70248624]
 [22.47879762 41.80367151]
 [24.50937445 22.90132234]
 [30.9391061   6.61367383]
 [41.23967402 18.89274716]
 [41.49824214 37.79130757]
 [41.50012029 56.69102361]
 [41.50152386 75.60031511]
[41.         82.75      ]
 [41.         81.25      ]
 [41.         80.        ]
 [40.69521836 77.95262807]
 [39.60233826 75.84337859]
 [36.95608209 72.78460308]
 [35.58772501 70.77819409]
 [35.03015643 68.75385256]
 [35.         67.75      ]
 [35.         66.25      ]