[ 6.5        99.5       ]
 [ 6.49970714 70.23280672]
 [ 4.28710232 40.96366481]
 [13.34993046 20.00676693]
 [42.56843509 11.4521416 ]
 [59.52109686 40.83592415]
 [59.49497016 70.10364559]
 [73.3567628  94.51722859]
 [80.50266029 69.36305119]
 [81.03345301 40.09576331]
[89.         17.        ]
 [89.         18.5       ]
 [89.         20.        ]
 [89.30478164 22.04737193]
 [90.39766174 24.15662141]
 [93.04391791 27.21539692]
 [94.41227499 29.22180591]
 [94.96984357 31.24614744]
 [95.         32.        ]
 [95.         33.5       ]