[ 1.5        94.5       ]
 [ 2.50357375 70.26923065]
 [ 6.45166792 46.03858889]
 [ 6.1930362  21.71576056]
 [27.42296579  7.97184753]
 [51.65106223 20.64663689]
 [59.49759878 44.8846195 ]
 [59.50238874 69.11515234]
 [67.36879275 93.71641178]
 [79.4260926  80.42301048]
[81.         65.        ]
 [81.         66.5       ]
 [81.         68.        ]
 [80.69521836 70.04737193]
 [79.60233826 72.15662141]
 [76.95608209 75.21539692]
 [75.58772501 77.22180591]
 [75.03015643 79.24614744]
 [75.         80.        ]
 [75.         81.5       ]