[ 0.5        92.5       ]
 [ 6.61424961 69.56647394]
 [22.51457922 46.63295946]
 [26.49651635 23.70533726]
 [34.31937638  6.21052873]
 [57.24041537 26.16857863]
 [59.49822352 49.10114872]
 [59.49968511 72.03424537]
 [69.02221791 93.87836098]
 [79.46888683 80.11014624]
[81.         65.        ]
 [81.         66.5       ]
 [81.         68.        ]
 [80.69521836 70.04737193]
 [79.60233826 72.15662141]
 [76.95608209 75.21539692]
 [75.58772501 77.22180591]
 [75.03015643 79.24614744]
 [75.         80.        ]
 [75.         81.5       ]