[13.5        92.5       ]
 [14.48651002 75.46660119]
 [16.96142676 58.43320185]
 [18.50057967 41.39974779]
 [18.58465735 24.37309505]
 [27.66315347  7.40521666]
 [40.02257649 13.81271014]
 [41.3813708  30.73313761]
 [41.49763435 47.7648625 ]
 [41.55242364 65.03724832]
[41.         70.75      ]
 [41.         69.25      ]
 [41.         68.        ]
 [40.69521836 65.95262807]
 [39.60233826 63.84337859]
 [36.95608209 60.78460308]
 [35.58772501 58.77819409]
 [35.03015643 56.75385256]
 [35.         55.75      ]
 [35.         54.25      ]