[ 1.5        96.5       ]
 [ 2.49524805 80.17010309]
 [ 3.70422562 63.8402064 ]
 [19.48190614 47.51030012]
 [24.50831818 31.18016876]
 [24.28510134 14.92624793]
 [36.8155856   6.7798037 ]
 [41.42169619 21.80284247]
 [41.50001891 38.1403845 ]
 [41.31261723 54.15728637]
[41.         58.75      ]
 [41.         57.25      ]
 [41.         56.        ]
 [40.69521836 53.95262807]
 [39.60233826 51.84337859]
 [36.95608209 48.78460308]
 [35.58772501 46.77819409]
 [35.03015643 44.75385256]
 [35.         43.75      ]
 [35.         42.25      ]