[ 8.5        97.5       ]
 [22.52144485 77.70134228]
 [22.5014771  57.90268429]
 [24.19459534 38.10395355]
 [26.50318966 18.28786391]
 [36.71891272  6.15964189]
 [40.48986433 25.29588142]
 [40.49993881 45.09062578]
 [40.50007129 64.88882957]
 [40.51414193 84.60259648]
[41.         94.75      ]
 [41.         93.25      ]
 [41.         92.        ]
 [40.69521836 89.95262807]
 [39.60233826 87.84337859]
 [36.95608209 84.78460308]
 [35.58772501 82.77819409]
 [35.03015643 80.75385256]
 [35.         79.75      ]
 [35.         78.25      ]