[ 3.5        97.5       ]
 [ 3.50000012 70.60087343]
 [ 3.49989609 43.70030366]
 [10.25126815 21.50708337]
 [37.09849113  7.22004367]
 [59.57749838 32.99542267]
 [59.49954849 59.89484109]
 [61.12857532 86.70146784]
 [80.51661423 84.31347402]
 [81.47433276 57.39205153]
[81.         41.        ]
 [81.         42.5       ]
 [81.         44.        ]
 [80.69521836 46.04737193]
 [79.60233826 48.15662141]
 [76.95608209 51.21539692]
 [75.58772501 53.22180591]
 [75.03015643 55.24614744]
 [75.         56.        ]
 [75.         57.5       ]