[ 1.5        95.5       ]
 [ 4.57369835 71.23270014]
 [23.37073736 46.96540039]
 [26.49192238 22.69801594]
 [36.59807031  7.03540535]
 [59.89378284 29.83539011]
 [59.49972982 54.10379245]
 [59.50808701 78.37012937]
 [76.81071669 94.80956938]
 [80.49999385 71.0938518 ]
[81.         53.        ]
 [81.         54.5       ]
 [81.         56.        ]
 [80.69521836 58.04737193]
 [79.60233826 60.15662141]
 [76.95608209 63.21539692]
 [75.58772501 65.22180591]
 [75.03015643 67.24614744]
 [75.         68.        ]
 [75.         69.5       ]