[11.5        95.5       ]
 [21.42641341 78.27027027]
 [26.30149456 61.04054054]
 [26.49489755 43.81081051]
 [26.50342248 26.5811004 ]
 [26.89120922  9.36550359]
 [42.87522938 11.72709628]
 [53.45127576 29.10741396]
 [53.51132661 46.33988681]
 [57.54153007 63.57626137]
[59.         70.75      ]
 [59.         69.25      ]
 [59.         68.        ]
 [59.30478164 65.95262807]
 [60.39766174 63.84337859]
 [63.04391791 60.78460308]
 [64.41227499 58.77819409]
 [64.96984357 56.75385256]
 [65.         55.75      ]
 [65.         54.25      ]