[11.5        97.5       ]
 [12.49557033 81.2704918 ]
 [13.59949646 65.04098377]
 [26.49005692 48.81146691]
 [26.49999412 32.58201222]
 [26.50189748 16.39471316]
 [35.04832944  6.12178557]
 [50.52303266 20.08942538]
 [51.48910414 36.33647215]
 [58.10526119 52.73245554]
[59.         58.75      ]
 [59.         57.25      ]
 [59.         56.        ]
 [59.30478164 53.95262807]
 [60.39766174 51.84337859]
 [63.04391791 48.78460308]
 [64.41227499 46.77819409]
 [64.96984357 44.75385256]
 [65.         43.75      ]
 [65.         42.25      ]