[ 5.5        93.5       ]
 [ 6.49203493 74.13356165]
 [13.20923011 54.76712479]
 [24.41283881 35.4010058 ]
 [24.40162377 16.09178966]
 [37.6352972   7.5909681 ]
 [52.72257092 26.69865051]
 [57.5703245  46.06506987]
 [57.49990683 65.43148091]
 [57.44045934 84.75720127]
[59.         94.75      ]
 [59.         93.25      ]
 [59.         92.        ]
 [59.30478164 89.95262807]
 [60.39766174 87.84337859]
 [63.04391791 84.78460308]
 [64.41227499 82.77819409]
 [64.96984357 80.75385256]
 [65.         79.75      ]
 [65.         78.25      ]