[ 6.5        94.5       ]
 [ 6.5078967  76.03357532]
 [ 8.00149914 57.56715127]
 [26.67212693 39.1007487 ]
 [26.47675301 20.62709167]
 [32.83622169  6.11121659]
 [51.17514294 20.29270648]
 [53.50354536 38.76502301]
 [53.32206683 57.23299869]
 [56.87217775 75.84930637]
[59.         82.75      ]
 [59.         81.25      ]
 [59.         80.        ]
 [59.30478164 77.95262807]
 [60.39766174 75.84337859]
 [63.04391791 72.78460308]
 [64.41227499 70.77819409]
 [64.96984357 68.75385256]
 [65.         67.75      ]
 [65.         66.25      ]