[ 1.5        91.5       ]
 [ 2.30915104 62.13348368]
 [ 5.55171102 32.76494585]
 [26.60103713  7.995526  ]
 [55.86711277 24.97235806]
 [57.4208376  54.3325648 ]
 [58.91244883 83.66950031]
 [80.52803541 84.93421552]
 [80.49999846 55.56787337]
 [80.50064719 26.20266265]
[81.          5.        ]
 [81.          6.5       ]
 [81.          8.        ]
 [80.69521836 10.04737193]
 [79.60233826 12.15662141]
 [76.95608209 15.21539692]
 [75.58772501 17.22180591]
 [75.03015643 19.24614744]
 [75.         20.        ]
 [75.         21.5       ]