[12.5        90.5       ]
 [13.49537127 77.17088608]
 [13.35532665 63.84177215]
 [21.48524583 50.51265823]
 [26.42464471 37.18354595]
 [26.49218635 23.85437322]
 [26.49381919 10.52528089]
 [37.81957784  7.5113063 ]
 [51.2274734  20.10322411]
 [58.99519841 31.98350117]
[59.         34.75      ]
 [59.         33.25      ]
 [59.         32.        ]
 [59.30478164 29.95262807]
 [60.39766174 27.84337859]
 [63.04391791 24.78460308]
 [64.41227499 22.77819409]
 [64.96984357 20.75385256]
 [65.         19.75      ]
 [65.         18.25      ]