[ 7.5        97.5       ]
 [18.95349293 68.23280718]
 [26.49901025 38.96549123]
 [26.65404519  9.35668696]
 [50.70876556 23.57693488]
 [50.49890236 52.83596056]
 [56.16800049 82.09620472]
 [79.49780802 86.63462598]
 [80.50022301 57.36247216]
 [80.50099606 28.0957629 ]
[81.          5.        ]
 [81.          6.5       ]
 [81.          8.        ]
 [80.69521836 10.04737193]
 [79.60233826 12.15662141]
 [76.95608209 15.21539692]
 [75.58772501 17.22180591]
 [75.03015643 19.24614744]
 [75.         20.        ]
 [75.         21.5       ]