[ 2.5        94.5       ]
 [ 5.48080239 81.23218673]
 [ 5.2395838  67.9643735 ]
 [15.31586488 54.69656038]
 [26.45827105 41.42870372]
 [26.50290248 28.16213551]
 [26.53416843 14.90568128]
 [33.37516205  6.11801154]
 [39.39258964 15.67464866]
 [41.46251632 28.99945419]
[41.         34.75      ]
 [41.         33.25      ]
 [41.         32.        ]
 [40.69521836 29.95262807]
 [39.60233826 27.84337859]
 [36.95608209 24.78460308]
 [35.58772501 22.77819409]
 [35.03015643 20.75385256]
 [35.         19.75      ]
 [35.         18.25      ]