[ 4.5        90.5       ]
 [14.44697562 72.46660482]
 [22.79105213 54.43320963]
 [26.51043643 36.39981572]
 [26.54745456 18.36668715]
 [34.67766989  6.53688716]
 [52.03519677 21.68836335]
 [54.28830601 39.73367763]
 [58.46792884 57.76797012]
 [58.45271702 76.0115087 ]
[59.         82.75      ]
 [59.         81.25      ]
 [59.         80.        ]
 [59.30478164 77.95262807]
 [60.39766174 75.84337859]
 [63.04391791 72.78460308]
 [64.41227499 70.77819409]
 [64.96984357 68.75385256]
 [65.         67.75      ]
 [65.         66.25      ]