[ 2.5        90.5       ]
 [ 3.49218849 73.60139165]
 [ 5.50252846 56.70278331]
 [21.98527378 39.80417538]
 [23.50446232 22.90548484]
 [28.95099006  6.73479841]
 [39.63274662 14.95019129]
 [41.19091447 31.78939799]
 [41.49951538 48.68838036]
 [41.54340455 65.91488757]
[41.         70.75      ]
 [41.         69.25      ]
 [41.         68.        ]
 [40.69521836 65.95262807]
 [39.60233826 63.84337859]
 [36.95608209 60.78460308]
 [35.58772501 58.77819409]
 [35.03015643 56.75385256]
 [35.         55.75      ]
 [35.         54.25      ]