[10.5        90.5       ]
 [11.49160161 71.16956522]
 [18.10080012 51.83913041]
 [23.51756447 32.50868949]
 [23.58000996 13.17719621]
 [41.1630394   9.92305194]
 [57.66657947 29.48165677]
 [57.50035743 48.81304063]
 [57.49969017 68.14362201]
 [57.36837841 87.53549037]
[59.         94.75      ]
 [59.         93.25      ]
 [59.         92.        ]
 [59.30478164 89.95262807]
 [60.39766174 87.84337859]
 [63.04391791 84.78460308]
 [64.41227499 82.77819409]
 [64.96984357 80.75385256]
 [65.         79.75      ]
 [65.         78.25      ]