[ 5.5        97.5       ]
 [ 6.49564325 81.2704918 ]
 [ 7.5923524  65.04098377]
 [21.26143542 48.81146691]
 [21.50018433 32.58201222]
 [21.49969655 16.39471316]
 [35.0725027   6.12178557]
 [40.44374137 20.08942538]
 [41.49839203 36.33647215]
 [41.5219725  52.73245554]
[41.         58.75      ]
 [41.         57.25      ]
 [41.         56.        ]
 [40.69521836 53.95262807]
 [39.60233826 51.84337859]
 [36.95608209 48.78460308]
 [35.58772501 46.77819409]
 [35.03015643 44.75385256]
 [35.         43.75      ]
 [35.         42.25      ]