[ 4.5        94.5       ]
 [ 5.41872461 68.50000002]
 [25.07345964 42.4999658 ]
 [26.58571477 16.5312216 ]
 [44.49981829 13.45448455]
 [59.5        39.5       ]
 [59.50234131 65.49977024]
 [65.52576522 91.83775625]
 [80.58659128 80.51978712]
 [80.51152519 54.48728466]
[81.         41.        ]
 [81.         42.5       ]
 [81.         44.        ]
 [80.69521836 46.04737193]
 [79.60233826 48.15662141]
 [76.95608209 51.21539692]
 [75.58772501 53.22180591]
 [75.03015643 55.24614744]
 [75.         56.        ]
 [75.         57.5       ]