[10.5        92.5       ]
 [20.44027452 68.26923074]
 [26.51654343 44.03849502]
 [26.49838982 19.78352578]
 [39.39721249  7.99632766]
 [59.58825929 32.6543575 ]
 [59.49994884 56.88462091]
 [59.50237726 81.11868746]
 [78.93855817 92.43058462]
 [80.53980647 68.40436964]
[81.         53.        ]
 [81.         54.5       ]
 [81.         56.        ]
 [80.69521836 58.04737193]
 [79.60233826 60.15662141]
 [76.95608209 63.21539692]
 [75.58772501 65.22180591]
 [75.03015643 67.24614744]
 [75.         68.        ]
 [75.         69.5       ]