[ 9.5        92.5       ]
 [ 9.49999036 78.03364267]
 [ 9.50080197 63.56728714]
 [ 9.4509593  49.1008206 ]
 [ 6.73418697 34.64020938]
 [ 6.57764807 19.90395413]
 [19.27549451 15.52741299]
 [33.7644336   6.29092023]
 [48.24401409 17.21708409]
 [58.5415004  31.61839057]
[59.         34.75      ]
 [59.         33.25      ]
 [59.         32.        ]
 [59.30478164 29.95262807]
 [60.39766174 27.84337859]
 [63.04391791 24.78460308]
 [64.41227499 22.77819409]
 [64.96984357 20.75385256]
 [65.         19.75      ]
 [65.         18.25      ]