[ 7.5        93.5       ]
 [18.39255767 69.03351572]
 [25.53445457 44.56705065]
 [26.47504623 20.08420392]
 [39.3385067   8.44742052]
 [59.70195796 32.83241539]
 [59.50013148 57.29890594]
 [59.28700184 81.76522828]
 [79.74774441 91.92050121]
 [80.50036429 67.30490211]
[81.         53.        ]
 [81.         54.5       ]
 [81.         56.        ]
 [80.69521836 58.04737193]
 [79.60233826 60.15662141]
 [76.95608209 63.21539692]
 [75.58772501 65.22180591]
 [75.03015643 67.24614744]
 [75.         68.        ]
 [75.         69.5       ]