[ 5.5        99.5       ]
 [ 5.5        84.70179373]
 [ 5.5000003  69.90358709]
 [ 5.49997853 55.10540685]
 [ 5.50137386 40.3055314 ]
 [ 5.41787543 25.60721059]
 [16.31743329 18.32503942]
 [31.01913774  6.62473995]
 [40.97591237 14.95360596]
 [41.56262485 30.00073844]
[41.         34.75      ]
 [41.         33.25      ]
 [41.         32.        ]
 [40.69521836 29.95262807]
 [39.60233826 27.84337859]
 [36.95608209 24.78460308]
 [35.58772501 22.77819409]
 [35.03015643 20.75385256]
 [35.         19.75      ]
 [35.         18.25      ]