[ 2.5        91.5       ]
 [17.82357455 63.60084055]
 [26.49858122 35.70185965]
 [27.65688833  7.41126004]
 [55.30041436 24.10319252]
 [59.50000286 51.99579968]
 [59.40828265 79.91009858]
 [79.60587988 90.20625541]
 [80.5002056  62.30671441]
 [80.5140252  34.39932735]
[81.         17.        ]
 [81.         18.5       ]
 [81.         20.        ]
 [80.69521836 22.04737193]
 [79.60233826 24.15662141]
 [76.95608209 27.21539692]
 [75.58772501 29.22180591]
 [75.03015643 31.24614744]
 [75.         32.        ]
 [75.         33.5       ]