[ 0.5        96.5       ]
 [ 0.50024776 82.60169492]
 [ 0.48522066 68.70338977]
 [ 1.14895534 54.80508681]
 [14.08320707 40.9067452 ]
 [26.35395565 27.00738066]
 [26.40410828 13.22238381]
 [36.11424133  6.68586765]
 [39.71831782 18.67794858]
 [41.50581885 32.54385064]
[41.         34.75      ]
 [41.         33.25      ]
 [41.         32.        ]
 [40.69521836 29.95262807]
 [39.60233826 27.84337859]
 [36.95608209 24.78460308]
 [35.58772501 22.77819409]
 [35.03015643 20.75385256]
 [35.         19.75      ]
 [35.         18.25      ]