[ 7.5        95.5       ]
 [25.48707018 71.23270014]
 [26.49863045 46.96540039]
 [26.48522113 22.69801594]
 [36.59808108  7.03540535]
 [59.89378283 29.83539011]
 [59.49972981 54.10379245]
 [59.50808678 78.37012937]
 [76.81155281 94.80956938]
 [82.86255106 71.0938518 ]
[89.         53.        ]
 [89.         54.5       ]
 [89.         56.        ]
 [89.30478164 58.04737193]
 [90.39766174 60.15662141]
 [93.04391791 63.21539692]
 [94.41227499 65.22180591]
 [94.96984357 67.24614744]
 [95.         68.        ]
 [95.         69.5       ]