[ 1.5        90.5       ]
 [ 4.29216359 62.5       ]
 [25.83228617 34.49999759]
 [28.66420987  7.0155891 ]
 [56.8366021  25.50446022]
 [59.5        53.5       ]
 [59.29211965 81.5249258 ]
 [79.74612317 88.40816051]
 [80.49901116 60.50005688]
 [84.45127591 32.48748321]
[89.         17.        ]
 [89.         18.5       ]
 [89.         20.        ]
 [89.30478164 22.04737193]
 [90.39766174 24.15662141]
 [93.04391791 27.21539692]
 [94.41227499 29.22180591]
 [94.96984357 31.24614744]
 [95.         32.        ]
 [95.         33.5       ]