[ 0.5        93.5       ]
 [ 1.48367124 75.46660497]
 [ 5.12565037 57.43322163]
 [ 6.5031229  39.39869355]
 [ 6.55873385 21.12549348]
 [22.66819721 12.29270378]
 [40.61542161  9.39468709]
 [48.49899512 27.73179457]
 [49.29348484 45.76798129]
 [57.49611565 64.01150891]
[59.         70.75      ]
 [59.         69.25      ]
 [59.         68.        ]
 [59.30478164 65.95262807]
 [60.39766174 63.84337859]
 [63.04391791 60.78460308]
 [64.41227499 58.77819409]
 [64.96984357 56.75385256]
 [65.         55.75      ]
 [65.         54.25      ]