[12.5        94.5       ]
 [12.50002536 77.27027027]
 [12.49920435 60.04054058]
 [ 9.98226312 42.81081974]
 [ 4.55607468 25.58050694]
 [13.67252154 15.65734556]
 [30.8566555   6.61240675]
 [44.62897935 17.09047894]
 [49.72978038 34.34036707]
 [57.54028239 51.5762616 ]
[59.         58.75      ]
 [59.         57.25      ]
 [59.         56.        ]
 [59.30478164 53.95262807]
 [60.39766174 51.84337859]
 [63.04391791 48.78460308]
 [64.41227499 46.77819409]
 [64.96984357 44.75385256]
 [65.         43.75      ]
 [65.         42.25      ]