[11.5        95.5       ]
 [18.48320937 79.56639004]
 [22.39471414 63.63278008]
 [26.50485434 47.69917024]
 [26.49892625 31.76555458]
 [26.52027941 15.83206147]
 [35.21774944  6.63586864]
 [40.63365679 20.0191287 ]
 [40.49845267 35.96635791]
 [40.44824873 52.05783786]
[41.         58.75      ]
 [41.         57.25      ]
 [41.         56.        ]
 [40.69521836 53.95262807]
 [39.60233826 51.84337859]
 [36.95608209 48.78460308]
 [35.58772501 46.77819409]
 [35.03015643 44.75385256]
 [35.         43.75      ]
 [35.         42.25      ]