[ 6.5        95.5       ]
 [ 7.49031612 78.27027027]
 [10.04048508 61.04054054]
 [23.70937972 43.81081051]
 [23.49878121 26.5811004 ]
 [25.38882185  9.36550359]
 [39.66729111 11.72709628]
 [41.56739804 29.10741396]
 [41.49835744 46.33988681]
 [41.50115059 63.57626137]
[41.         70.75      ]
 [41.         69.25      ]
 [41.         68.        ]
 [40.69521836 65.95262807]
 [39.60233826 63.84337859]
 [36.95608209 60.78460308]
 [35.58772501 58.77819409]
 [35.03015643 56.75385256]
 [35.         55.75      ]
 [35.         54.25      ]