[ 0.5        99.5       ]
 [ 3.27492444 73.1687898 ]
 [25.49304564 46.83759077]
 [26.48206044 20.49961285]
 [40.82494062  9.78511921]
 [59.41609985 36.15620993]
 [59.49847096 62.48741852]
 [62.81105416 88.74720545]
 [80.56712509 82.86534757]
 [84.44360308 56.50665985]
[89.         41.        ]
 [89.         42.5       ]
 [89.         44.        ]
 [89.30478164 46.04737193]
 [90.39766174 48.15662141]
 [93.04391791 51.21539692]
 [94.41227499 53.22180591]
 [94.96984357 55.24614744]
 [95.         56.        ]
 [95.         57.5       ]