[11.5        96.5       ]
 [11.49977951 79.169903  ]
 [11.50454466 61.839804  ]
 [ 6.27446632 44.50892106]
 [ 3.56260248 27.21192129]
 [15.11994073 18.88051202]
 [32.49861494  6.33836085]
 [44.40653445 18.78777132]
 [49.84906709 36.13968232]
 [57.87878404 53.35349876]
[59.         58.75      ]
 [59.         57.25      ]
 [59.         56.        ]
 [59.30478164 53.95262807]
 [60.39766174 51.84337859]
 [63.04391791 48.78460308]
 [64.41227499 46.77819409]
 [64.96984357 44.75385256]
 [65.         43.75      ]
 [65.         42.25      ]