[ 3.5        90.5       ]
 [13.75366337 64.13350126]
 [26.50077681 37.76700413]
 [26.34202401 11.39960108]
 [49.9467203  18.95827176]
 [59.49184526 45.3325149 ]
 [59.48508602 71.70078165]
 [72.04179643 94.45309573]
 [80.5046892  73.56970806]
 [82.81880918 47.19475022]
[89.         29.        ]
 [89.         30.5       ]
 [89.         32.        ]
 [89.30478164 34.04737193]
 [90.39766174 36.15662141]
 [93.04391791 39.21539692]
 [94.41227499 41.22180591]
 [94.96984357 43.24614744]
 [95.         44.        ]
 [95.         45.5       ]