[ 1.5        92.5       ]
 [ 2.49403967 73.03356283]
 [ 9.74452562 53.56712771]
 [10.52108663 34.10115928]
 [20.40801357 14.72644198]
 [38.72760418  8.42087378]
 [41.61333896 28.29642815]
 [41.50053096 47.76505424]
 [41.50007705 67.23195029]
 [41.50350968 86.71910967]
[41.         94.75      ]
 [41.         93.25      ]
 [41.         92.        ]
 [40.69521836 89.95262807]
 [39.60233826 87.84337859]
 [36.95608209 84.78460308]
 [35.58772501 82.77819409]
 [35.03015643 80.75385256]
 [35.         79.75      ]
 [35.         78.25      ]