[ 1.5        99.5       ]
 [ 2.5002755  84.27074236]
 [ 2.56652705 69.04148473]
 [ 4.99197577 53.81222628]
 [20.53418579 38.58302655]
 [25.48752934 23.34991636]
 [26.47514647  8.40591145]
 [40.04207509 10.99042839]
 [41.47187151 26.33067853]
 [41.54347815 41.88757129]
[41.         46.75      ]
 [41.         45.25      ]
 [41.         44.        ]
 [40.69521836 41.95262807]
 [39.60233826 39.84337859]
 [36.95608209 36.78460308]
 [35.58772501 34.77819409]
 [35.03015643 32.75385256]
 [35.         31.75      ]
 [35.         30.25      ]