[ 4.5        99.5       ]
 [ 4.49999999 81.70149255]
 [ 4.49999941 63.90298574]
 [ 4.50013772 46.10432275]
 [ 4.51289695 28.29146812]
 [10.41028254 14.33781527]
 [28.30716037  7.38123267]
 [42.47668702 15.08962561]
 [48.38711592 32.8895519 ]
 [56.55536933 50.70646126]
[59.         58.75      ]
 [59.         57.25      ]
 [59.         56.        ]
 [59.30478164 53.95262807]
 [60.39766174 51.84337859]
 [63.04391791 48.78460308]
 [64.41227499 46.77819409]
 [64.96984357 44.75385256]
 [65.         43.75      ]
 [65.         42.25      ]