[ 2.5        96.5       ]
 [ 5.25018654 67.13348413]
 [26.49734446 37.76682521]
 [27.35711064  7.97366414]
 [50.59578832 24.97234802]
 [50.49995104 54.33256479]
 [57.77305066 83.66950031]
 [80.52797631 84.93421552]
 [80.49999847 55.56787337]
 [80.50064719 26.20266265]
[81.          5.        ]
 [81.          6.5       ]
 [81.          8.        ]
 [80.69521836 10.04737193]
 [79.60233826 12.15662141]
 [76.95608209 15.21539692]
 [75.58772501 17.22180591]
 [75.03015643 19.24614744]
 [75.         20.        ]
 [75.         21.5       ]