[ 3.5        90.5       ]
 [ 3.49999987 60.70089113]
 [ 3.49933099 30.89313626]
 [23.89872096 11.10073984]
 [53.8430628  22.69132682]
 [56.50019898 52.49554074]
 [56.9180252  82.31677027]
 [80.30865538 85.84183887]
 [80.50015785 56.10711684]
 [81.65158809 26.31162268]
[89.          5.        ]
 [89.          6.5       ]
 [89.          8.        ]
 [89.30478164 10.04737193]
 [90.39766174 12.15662141]
 [93.04391791 15.21539692]
 [94.41227499 17.22180591]
 [94.96984357 19.24614744]
 [95.         20.        ]
 [95.         21.5       ]