[ 5.5        95.5       ]
 [12.48581313 79.56639004]
 [16.11654461 63.63278008]
 [26.59038441 47.69917024]
 [26.49797701 31.76555458]
 [26.51987073 15.83206147]
 [35.1665511   6.63586864]
 [48.79625907 20.0191287 ]
 [50.83917023 35.96635791]
 [57.68055709 52.05783786]
[59.         58.75      ]
 [59.         57.25      ]
 [59.         56.        ]
 [59.30478164 53.95262807]
 [60.39766174 51.84337859]
 [63.04391791 48.78460308]
 [64.41227499 46.77819409]
 [64.96984357 44.75385256]
 [65.         43.75      ]
 [65.         42.25      ]