[11.5        90.5       ]
 [11.50001765 74.60147995]
 [11.4981011  58.7029557 ]
 [11.47622388 42.80472888]
 [ 5.54816746 26.89126644]
 [ 9.91409297 13.58416644]
 [25.88968323  9.16826015]
 [39.95835527 10.68319718]
 [41.47232845 26.6838302 ]
 [41.55326866 42.98580698]
[41.         46.75      ]
 [41.         45.25      ]
 [41.         44.        ]
 [40.69521836 41.95262807]
 [39.60233826 39.84337859]
 [36.95608209 36.78460308]
 [35.58772501 34.77819409]
 [35.03015643 32.75385256]
 [35.         31.75      ]
 [35.         30.25      ]