[10.5        90.5       ]
 [11.48337427 65.26912929]
 [26.5476887  40.03825885]
 [26.44559423 14.8070775 ]
 [45.43587806 14.47114804]
 [59.5264807  39.65427926]
 [59.50218216 64.88495799]
 [64.02732872 90.34186311]
 [80.58315581 82.68367602]
 [83.3012411  57.40645765]
[89.         41.        ]
 [89.         42.5       ]
 [89.         44.        ]
 [89.30478164 46.04737193]
 [90.39766174 48.15662141]
 [93.04391791 51.21539692]
 [94.41227499 53.22180591]
 [94.96984357 55.24614744]
 [95.         56.        ]
 [95.         57.5       ]