[ 2.5        97.5       ]
 [ 3.49668968 78.5       ]
 [ 5.38745386 59.49999934]
 [21.84403185 40.49989811]
 [22.55288969 21.49026345]
 [32.5         6.5       ]
 [40.44505032 20.48805432]
 [41.50645164 39.49986752]
 [41.49922239 58.49884889]
 [41.41767772 77.37807375]
[41.         82.75      ]
 [41.         81.25      ]
 [41.         80.        ]
 [40.69521836 77.95262807]
 [39.60233826 75.84337859]
 [36.95608209 72.78460308]
 [35.58772501 70.77819409]
 [35.03015643 68.75385256]
 [35.         67.75      ]
 [35.         66.25      ]