[ 5.5        99.5       ]
 [ 6.3075079  72.03349572]
 [26.49184462 44.56699236]
 [26.57714049 17.12892046]
 [45.36713423 14.36086854]
 [58.51448694 41.8324804 ]
 [58.5017919  69.29889579]
 [70.65475425 94.90868131]
 [80.49509928 73.76735136]
 [81.51083721 46.28999863]
[81.         29.        ]
 [81.         30.5       ]
 [81.         32.        ]
 [80.69521836 34.04737193]
 [79.60233826 36.15662141]
 [76.95608209 39.21539692]
 [75.58772501 41.22180591]
 [75.03015643 43.24614744]
 [75.         44.        ]
 [75.         45.5       ]