[12.5        91.5       ]
 [16.50224808 66.13350805]
 [ 7.85960392 40.76670505]
 [ 6.23877533 15.78491839]
 [31.96651345  6.20497909]
 [57.29991419 26.33466308]
 [59.50150708 51.69895958]
 [59.57993523 77.05768265]
 [76.77657056 94.22830948]
 [80.50160099 70.19520669]
[81.         53.        ]
 [81.         54.5       ]
 [81.         56.        ]
 [80.69521836 58.04737193]
 [79.60233826 60.15662141]
 [76.95608209 63.21539692]
 [75.58772501 65.22180591]
 [75.03015643 67.24614744]
 [75.         68.        ]
 [75.         69.5       ]