[13.5        96.5       ]
 [14.48759818 78.23249551]
 [18.92114712 59.96499052]
 [21.50789422 41.6974957 ]
 [22.4758172  23.43819122]
 [29.8663014   6.10932633]
 [40.453994   17.11801774]
 [41.4741796  35.37293577]
 [41.49998486 53.64040604]
 [41.49205434 71.8837014 ]
[41.         82.75      ]
 [41.         81.25      ]
 [41.         80.        ]
 [40.69521836 77.95262807]
 [39.60233826 75.84337859]
 [36.95608209 72.78460308]
 [35.58772501 70.77819409]
 [35.03015643 68.75385256]
 [35.         67.75      ]
 [35.         66.25      ]