[10.5        91.5       ]
 [13.48892389 74.70158104]
 [16.83210374 57.90316129]
 [26.47649339 41.10472105]
 [26.49446648 24.31332807]
 [27.84418194  7.16359623]
 [39.62102791 13.35502513]
 [41.02812611 30.08726797]
 [41.50187327 46.88830589]
 [41.52486924 63.83560761]
[41.         70.75      ]
 [41.         69.25      ]
 [41.         68.        ]
 [40.69521836 65.95262807]
 [39.60233826 63.84337859]
 [36.95608209 60.78460308]
 [35.58772501 58.77819409]
 [35.03015643 56.75385256]
 [35.         55.75      ]
 [35.         54.25      ]