[13.5        99.5       ]
 [16.49321863 83.13360324]
 [18.85513691 66.76720654]
 [25.46747039 50.40080738]
 [26.54943571 34.03431251]
 [26.55914704 17.69091357]
 [33.77541994  6.13993318]
 [48.1925496  19.06961552]
 [49.70127948 35.4296431 ]
 [57.4968434  52.00832674]
[59.         58.75      ]
 [59.         57.25      ]
 [59.         56.        ]
 [59.30478164 53.95262807]
 [60.39766174 51.84337859]
 [63.04391791 48.78460308]
 [64.41227499 46.77819409]
 [64.96984357 44.75385256]
 [65.         43.75      ]
 [65.         42.25      ]