[ 7.5        90.5       ]
 [ 8.50024257 63.13349703]
 [ 8.49996642 35.76655667]
 [16.68386954 14.7678326 ]
 [43.96576998 12.9209378 ]
 [58.52275413 40.33243891]
 [58.50423703 67.69869364]
 [69.023772   94.12649222]
 [80.49268371 75.56451783]
 [81.47550782 48.19748924]
[81.         29.        ]
 [81.         30.5       ]
 [81.         32.        ]
 [80.69521836 34.04737193]
 [79.60233826 36.15662141]
 [76.95608209 39.21539692]
 [75.58772501 41.22180591]
 [75.03015643 43.24614744]
 [75.         44.        ]
 [75.         45.5       ]