[ 1.5        97.5       ]
 [ 4.48847088 83.70192308]
 [ 4.09795216 69.90384611]
 [15.81370447 56.10577061]
 [25.52479976 42.30768402]
 [26.48836717 28.50816723]
 [26.50648882 14.80296973]
 [34.16909409  6.23478292]
 [47.89044637 16.87564246]
 [58.30141986 30.90779918]
[59.         34.75      ]
 [59.         33.25      ]
 [59.         32.        ]
 [59.30478164 29.95262807]
 [60.39766174 27.84337859]
 [63.04391791 24.78460308]
 [64.41227499 22.77819409]
 [64.96984357 20.75385256]
 [65.         19.75      ]
 [65.         18.25      ]