[ 4.5        98.5       ]
 [ 5.30941247 69.70092565]
 [ 7.50879446 40.90727295]
 [18.86852413 16.17483678]
 [47.71009032 16.68970547]
 [54.49923514 45.49539697]
 [54.50601043 74.29225266]
 [77.09263056 93.84747256]
 [80.49899204 66.10732494]
 [80.50071571 37.31083923]
[81.         17.        ]
 [81.         18.5       ]
 [81.         20.        ]
 [80.69521836 22.04737193]
 [79.60233826 24.15662141]
 [76.95608209 27.21539692]
 [75.58772501 29.22180591]
 [75.03015643 31.24614744]
 [75.         32.        ]
 [75.         33.5       ]