[13.5        94.5       ]
 [20.85967893 67.7009926 ]
 [26.49585695 40.90194437]
 [26.45551993 14.08661342]
 [47.69731095 16.72677107]
 [59.50892413 43.49502094]
 [59.49316822 70.29470863]
 [71.00336686 94.88137825]
 [80.49292611 74.10643735]
 [83.02050394 47.30260023]
[89.         29.        ]
 [89.         30.5       ]
 [89.         32.        ]
 [89.30478164 34.04737193]
 [90.39766174 36.15662141]
 [93.04391791 39.21539692]
 [94.41227499 41.22180591]
 [94.96984357 43.24614744]
 [95.         44.        ]
 [95.         45.5       ]