[11.5        93.5       ]
 [ 9.42254921 78.23233403]
 [ 4.51702753 62.96466976]
 [ 4.53199544 47.69686637]
 [ 3.55985001 32.43904137]
 [ 8.84348603 20.42142694]
 [24.10504054 10.64686418]
 [39.42487492  7.94743689]
 [50.41574535 23.64687991]
 [57.04629561 39.05336674]
[59.         46.75      ]
 [59.         45.25      ]
 [59.         44.        ]
 [59.30478164 41.95262807]
 [60.39766174 39.84337859]
 [63.04391791 36.78460308]
 [64.41227499 34.77819409]
 [64.96984357 32.75385256]
 [65.         31.75      ]
 [65.         30.25      ]