[12.5        92.5       ]
 [22.60132675 78.23226544]
 [23.76622916 63.96453106]
 [26.46400429 49.69678726]
 [26.50083348 35.42945333]
 [26.49905274 21.14796902]
 [27.92645482  7.19095701]
 [42.38429834 11.35651485]
 [54.06917602 25.64234759]
 [57.66362504 40.06470418]
[59.         46.75      ]
 [59.         45.25      ]
 [59.         44.        ]
 [59.30478164 41.95262807]
 [60.39766174 39.84337859]
 [63.04391791 36.78460308]
 [64.41227499 34.77819409]
 [64.96984357 32.75385256]
 [65.         31.75      ]
 [65.         30.25      ]