[ 3.5        93.5       ]
 [ 4.48919201 80.13366336]
 [ 4.57917837 66.76732682]
 [ 9.6123076  53.4009899 ]
 [23.17343549 40.03457008]
 [26.47850192 26.67158773]
 [26.47236143 13.28655032]
 [35.22616618  6.13948739]
 [39.46090305 17.44417206]
 [40.55474685 30.7052032 ]
[41.         34.75      ]
 [41.         33.25      ]
 [41.         32.        ]
 [40.69521836 29.95262807]
 [39.60233826 27.84337859]
 [36.95608209 24.78460308]
 [35.58772501 22.77819409]
 [35.03015643 20.75385256]
 [35.         19.75      ]
 [35.         18.25      ]