[11.5        98.5       ]
 [11.50000584 80.46660484]
 [11.50047396 62.4332106 ]
 [11.45565347 44.39972537]
 [ 9.38231499 26.34726822]
 [22.66662884 12.29910251]
 [39.02599865  9.3942085 ]
 [40.50518289 27.7317915 ]
 [40.49979033 45.76798131]
 [40.45329418 64.01150891]
[41.         70.75      ]
 [41.         69.25      ]
 [41.         68.        ]
 [40.69521836 65.95262807]
 [39.60233826 63.84337859]
 [36.95608209 60.78460308]
 [35.58772501 58.77819409]
 [35.03015643 56.75385256]
 [35.         55.75      ]
 [35.         54.25      ]