[ 5.5        96.5       ]
 [ 0.52177271 66.56651883]
 [ 9.50077274 36.63293762]
 [22.30226786 12.75410584]
 [52.2321873  21.23115564]
 [56.50014832 51.16740554]
 [56.37091868 81.10429582]
 [79.50282714 86.98512044]
 [81.52098295 57.03215923]
 [81.49943373 27.09895718]
[81.          5.        ]
 [81.          6.5       ]
 [81.          8.        ]
 [80.69521836 10.04737193]
 [79.60233826 12.15662141]
 [76.95608209 15.21539692]
 [75.58772501 17.22180591]
 [75.03015643 19.24614744]
 [75.         20.        ]
 [75.         21.5       ]