[11.5        90.5       ]
 [12.4996072  76.03364269]
 [12.32048995 61.56728538]
 [24.22758001 47.10092819]
 [26.49986594 32.63456466]
 [26.54976791 18.16849944]
 [31.20817034  6.11023697]
 [45.31563047 14.82063331]
 [55.61231038 29.2363757 ]
 [58.55290606 43.61826733]
[59.         46.75      ]
 [59.         45.25      ]
 [59.         44.        ]
 [59.30478164 41.95262807]
 [60.39766174 39.84337859]
 [63.04391791 36.78460308]
 [64.41227499 34.77819409]
 [64.96984357 32.75385256]
 [65.         31.75      ]
 [65.         30.25      ]