[ 7.5        97.5       ]
 [24.02211138 68.23280718]
 [26.50038772 38.96549123]
 [26.65353917  9.35668696]
 [54.51694335 23.57693488]
 [56.53050561 52.83596056]
 [58.58556362 82.09620472]
 [79.49776894 86.63462598]
 [80.5002229  57.36247216]
 [80.50099606 28.0957629 ]
[81.          5.        ]
 [81.          6.5       ]
 [81.          8.        ]
 [80.69521836 10.04737193]
 [79.60233826 12.15662141]
 [76.95608209 15.21539692]
 [75.58772501 17.22180591]
 [75.03015643 19.24614744]
 [75.         20.        ]
 [75.         21.5       ]