[10.5        91.5       ]
 [10.50007308 72.23253921]
 [10.5206547  52.96532425]
 [ 6.65094968 33.74693345]
 [17.56696599 17.50538362]
 [36.60709476  7.02743391]
 [52.62057974 25.10605071]
 [52.4998253  44.37222971]
 [52.49619695 63.63953288]
 [54.68714525 82.86555613]
[59.         94.75      ]
 [59.         93.25      ]
 [59.         92.        ]
 [59.30478164 89.95262807]
 [60.39766174 87.84337859]
 [63.04391791 84.78460308]
 [64.41227499 82.77819409]
 [64.96984357 80.75385256]
 [65.         79.75      ]
 [65.         78.25      ]