[ 5.5        98.5       ]
 [ 6.4994985  83.17032967]
 [ 6.69719815 67.84065937]
 [20.60539802 52.51098663]
 [25.50164624 37.18148759]
 [25.49933632 21.84061027]
 [28.13319866  7.38735132]
 [40.18869614 12.80644121]
 [41.60393706 28.1425836 ]
 [41.19360183 42.87261893]
[41.         46.75      ]
 [41.         45.25      ]
 [41.         44.        ]
 [40.69521836 41.95262807]
 [39.60233826 39.84337859]
 [36.95608209 36.78460308]
 [35.58772501 34.77819409]
 [35.03015643 32.75385256]
 [35.         31.75      ]
 [35.         30.25      ]