[ 0.5        99.5       ]
 [ 1.50006307 70.16857153]
 [ 1.50002921 40.83754818]
 [ 5.24253483 13.54424871]
 [34.82656235  6.14942555]
 [59.60037056 33.15773286]
 [59.49998535 62.48850953]
 [65.84896005 91.77115866]
 [80.51601159 76.8495917 ]
 [82.85785732 47.52058092]
[89.         29.        ]
 [89.         30.5       ]
 [89.         32.        ]
 [89.30478164 34.04737193]
 [90.39766174 36.15662141]
 [93.04391791 39.21539692]
 [94.41227499 41.22180591]
 [94.96984357 43.24614744]
 [95.         44.        ]
 [95.         45.5       ]