[14.5        98.5       ]
 [15.49335115 82.03360489]
 [16.98408323 65.56720989]
 [21.48598633 49.10081116]
 [21.50249281 32.63402172]
 [21.11863666 16.22353415]
 [35.398871    6.17079   ]
 [40.48628109 20.76475209]
 [41.47085606 37.22690372]
 [41.55315526 54.01585984]
[41.         58.75      ]
 [41.         57.25      ]
 [41.         56.        ]
 [40.69521836 53.95262807]
 [39.60233826 51.84337859]
 [36.95608209 48.78460308]
 [35.58772501 46.77819409]
 [35.03015643 44.75385256]
 [35.         43.75      ]
 [35.         42.25      ]