[ 8.5        92.5       ]
 [ 9.32574191 63.56651391]
 [26.42862567 34.6335028 ]
 [28.9837694   6.82134652]
 [56.70851414 27.23249886]
 [56.50010162 56.16742752]
 [59.11031261 85.0714403 ]
 [79.92952955 83.93667758]
 [80.49964646 55.03209859]
 [81.64039087 26.09835464]
[89.          5.        ]
 [89.          6.5       ]
 [89.          8.        ]
 [89.30478164 10.04737193]
 [90.39766174 12.15662141]
 [93.04391791 15.21539692]
 [94.41227499 17.22180591]
 [94.96984357 19.24614744]
 [95.         20.        ]
 [95.         21.5       ]