[ 9.5        95.5       ]
 [ 9.50011856 77.16972481]
 [ 9.5155008  58.83945531]
 [ 6.50348325 40.50916947]
 [ 6.19035242 22.09258143]
 [22.15726813 12.85668839]
 [39.48349484  9.48417708]
 [49.11099794 27.81343476]
 [59.41720259 46.1412548 ]
 [59.50173994 64.47489938]
[59.         70.75      ]
 [59.         69.25      ]
 [59.         68.        ]
 [59.30478164 65.95262807]
 [60.39766174 63.84337859]
 [63.04391791 60.78460308]
 [64.41227499 58.77819409]
 [64.96984357 56.75385256]
 [65.         55.75      ]
 [65.         54.25      ]