[ 1.5        96.5       ]
 [ 2.49839201 76.60118044]
 [10.29234769 56.7023607 ]
 [23.52208043 36.80349071]
 [23.54708313 16.89211182]
 [37.99981192  7.23568955]
 [49.50183688 26.89441527]
 [59.57825804 46.79174428]
 [59.50041675 66.6901688 ]
 [59.48924874 86.50818325]
[59.         94.75      ]
 [59.         93.25      ]
 [59.         92.        ]
 [59.30478164 89.95262807]
 [60.39766174 87.84337859]
 [63.04391791 84.78460308]
 [64.41227499 82.77819409]
 [64.96984357 80.75385256]
 [65.         79.75      ]
 [65.         78.25      ]