[ 8.5        97.5       ]
 [ 8.50000553 82.60158013]
 [ 8.4994489  67.70316057]
 [ 8.54141477 52.80471825]
 [ 3.46518713 37.90779921]
 [ 3.28975082 22.91543328]
 [17.8836316  17.10135163]
 [32.78927987  6.39029557]
 [47.6768841  16.71081561]
 [59.35543655 31.88890412]
[59.         34.75      ]
 [59.         33.25      ]
 [59.         32.        ]
 [59.30478164 29.95262807]
 [60.39766174 27.84337859]
 [63.04391791 24.78460308]
 [64.41227499 22.77819409]
 [64.96984357 20.75385256]
 [65.         19.75      ]
 [65.         18.25      ]