[13.5        97.5       ]
 [14.4843016  80.13358778]
 [17.35848205 62.76717562]
 [18.50186573 45.40079178]
 [18.48825307 28.03342345]
 [24.35079749 10.41331937]
 [39.29523    10.56831332]
 [41.61071986 28.06272629]
 [41.4993106  45.43234155]
 [41.52735049 62.92128977]
[41.         70.75      ]
 [41.         69.25      ]
 [41.         68.        ]
 [40.69521836 65.95262807]
 [39.60233826 63.84337859]
 [36.95608209 60.78460308]
 [35.58772501 58.77819409]
 [35.03015643 56.75385256]
 [35.         55.75      ]
 [35.         54.25      ]