[12.5        91.5       ]
 [12.49997174 74.23244803]
 [12.50077519 56.96488978]
 [12.73463037 39.69557115]
 [ 9.45299973 22.52803774]
 [22.82932636 12.10404091]
 [38.88963926  9.12874691]
 [41.58242042 26.37287181]
 [41.49868039 43.64123452]
 [41.50762935 60.93087143]
[41.         70.75      ]
 [41.         69.25      ]
 [41.         68.        ]
 [40.69521836 65.95262807]
 [39.60233826 63.84337859]
 [36.95608209 60.78460308]
 [35.58772501 58.77819409]
 [35.03015643 56.75385256]
 [35.         55.75      ]
 [35.         54.25      ]