[ 3.5        93.5       ]
 [ 4.34176779 66.60087182]
 [25.88083498 39.7016674 ]
 [26.38870552 12.74194321]
 [49.0411101  18.09680502]
 [58.5013314  44.99564126]
 [58.49918288 71.89475675]
 [72.65766301 94.81803113]
 [80.5021017  72.30722952]
 [80.52681165 45.3920919 ]
[81.         29.        ]
 [81.         30.5       ]
 [81.         32.        ]
 [80.69521836 34.04737193]
 [79.60233826 36.15662141]
 [76.95608209 39.21539692]
 [75.58772501 41.22180591]
 [75.03015643 43.24614744]
 [75.         44.        ]
 [75.         45.5       ]