[ 8.5        90.5       ]
 [18.47432927 75.23233405]
 [20.69233755 59.9646681 ]
 [21.50257305 44.69700201]
 [21.49369151 29.42934587]
 [21.97098392 14.16102994]
 [36.39132752  6.89448454]
 [40.66005419 20.35702944]
 [41.60307979 35.63909023]
 [41.54624954 51.05351102]
[41.         58.75      ]
 [41.         57.25      ]
 [41.         56.        ]
 [40.69521836 53.95262807]
 [39.60233826 51.84337859]
 [36.95608209 48.78460308]
 [35.58772501 46.77819409]
 [35.03015643 44.75385256]
 [35.         43.75      ]
 [35.         42.25      ]