[ 7.5        97.5       ]
 [ 8.29912212 69.03348997]
 [26.38557292 40.56688111]
 [26.49729407 12.05137654]
 [51.29218597 20.35232801]
 [58.500079   48.83254178]
 [58.46906579 77.30160761]
 [79.17974071 92.10753815]
 [80.39285168 63.76777425]
 [81.50229418 35.29503623]
[81.         17.        ]
 [81.         18.5       ]
 [81.         20.        ]
 [80.69521836 22.04737193]
 [79.60233826 24.15662141]
 [76.95608209 27.21539692]
 [75.58772501 29.22180591]
 [75.03015643 31.24614744]
 [75.         32.        ]
 [75.         33.5       ]