[ 6.5        98.5       ]
 [ 7.49071759 81.23244782]
 [10.08735713 63.96489569]
 [18.44613746 46.69736006]
 [18.48884509 29.42887044]
 [22.74860887 12.03807815]
 [38.89057502  9.12951162]
 [41.58242681 26.37287703]
 [41.49868027 43.64123442]
 [41.50762935 60.93087143]
[41.         70.75      ]
 [41.         69.25      ]
 [41.         68.        ]
 [40.69521836 65.95262807]
 [39.60233826 63.84337859]
 [36.95608209 60.78460308]
 [35.58772501 58.77819409]
 [35.03015643 56.75385256]
 [35.         55.75      ]
 [35.         54.25      ]