[ 9.5        99.5       ]
 [21.08387182 73.1687898 ]
 [25.3940043  46.83759077]
 [26.48082231 20.49961285]
 [40.82494023  9.78511921]
 [59.41609985 36.15620993]
 [59.49847096 62.48741852]
 [62.81105292 88.74720545]
 [80.56582927 82.86534757]
 [80.51117058 56.50665985]
[81.         41.        ]
 [81.         42.5       ]
 [81.         44.        ]
 [80.69521836 46.04737193]
 [79.60233826 48.15662141]
 [76.95608209 51.21539692]
 [75.58772501 53.22180591]
 [75.03015643 55.24614744]
 [75.         56.        ]
 [75.         57.5       ]