[ 0.5        90.5       ]
 [ 3.50022508 75.23233405]
 [ 3.81457132 59.9646681 ]
 [19.33977945 44.69700201]
 [26.45478787 29.42934587]
 [26.38429919 14.16102994]
 [36.42555148  6.89448454]
 [40.63777685 20.35702944]
 [40.49823098 35.63909023]
 [40.4518741  51.05351102]
[41.         58.75      ]
 [41.         57.25      ]
 [41.         56.        ]
 [40.69521836 53.95262807]
 [39.60233826 51.84337859]
 [36.95608209 48.78460308]
 [35.58772501 46.77819409]
 [35.03015643 44.75385256]
 [35.         43.75      ]
 [35.         42.25      ]