[10.5        93.5       ]
 [10.50017854 72.60112352]
 [10.57189089 51.70221865]
 [ 4.56641993 30.79591662]
 [12.09926538 15.3096587 ]
 [32.99800246  6.42541092]
 [46.47745453 22.89594555]
 [58.09192023 43.79216488]
 [58.4994633  64.69054153]
 [58.3781696  85.48293189]
[59.         94.75      ]
 [59.         93.25      ]
 [59.         92.        ]
 [59.30478164 89.95262807]
 [60.39766174 87.84337859]
 [63.04391791 84.78460308]
 [64.41227499 82.77819409]
 [64.96984357 80.75385256]
 [65.         79.75      ]
 [65.         78.25      ]