[11.5        94.5       ]
 [11.49998111 77.23244801]
 [11.50051835 59.96489039]
 [11.65689032 42.69575713]
 [ 9.44260822 25.517728  ]
 [22.82910877 11.93100017]
 [38.89692646  9.13075298]
 [40.50274463 26.3728855 ]
 [40.49967459 43.64123425]
 [40.49236592 60.93087143]
[41.         70.75      ]
 [41.         69.25      ]
 [41.         68.        ]
 [40.69521836 65.95262807]
 [39.60233826 63.84337859]
 [36.95608209 60.78460308]
 [35.58772501 58.77819409]
 [35.03015643 56.75385256]
 [35.         55.75      ]
 [35.         54.25      ]