[ 3.5        93.5       ]
 [ 4.48749478 75.270073  ]
 [ 8.86240553 57.04014695]
 [26.37220467 38.81019089]
 [26.46520954 20.56372141]
 [32.794451    6.2677859 ]
 [50.0700701  19.87963565]
 [51.49706085 38.10950067]
 [51.32585357 56.3400767 ]
 [57.12004963 74.48705003]
[59.         82.75      ]
 [59.         81.25      ]
 [59.         80.        ]
 [59.30478164 77.95262807]
 [60.39766174 75.84337859]
 [63.04391791 72.78460308]
 [64.41227499 70.77819409]
 [64.96984357 68.75385256]
 [65.         67.75      ]
 [65.         66.25      ]