[ 3.5        98.5       ]
 [ 4.49948932 83.17032967]
 [ 4.69821595 67.84065937]
 [18.52235522 52.51098663]
 [25.44841171 37.18148759]
 [25.50042508 21.84061027]
 [28.13361072  7.38735132]
 [40.16325237 12.80644121]
 [40.49952695 28.1425836 ]
 [40.80461985 42.87261893]
[41.         46.75      ]
 [41.         45.25      ]
 [41.         44.        ]
 [40.69521836 41.95262807]
 [39.60233826 39.84337859]
 [36.95608209 36.78460308]
 [35.58772501 34.77819409]
 [35.03015643 32.75385256]
 [35.         31.75      ]
 [35.         30.25      ]