[ 0.5        93.5       ]
 [ 1.53631181 69.23270114]
 [ 8.44561281 44.96433676]
 [12.03088477 21.84055407]
 [36.57141976  7.03651051]
 [59.89381714 29.83538869]
 [59.49972979 54.10379245]
 [59.50808678 78.37012937]
 [76.81155281 94.80956938]
 [82.86255106 71.0938518 ]
[89.         53.        ]
 [89.         54.5       ]
 [89.         56.        ]
 [89.30478164 58.04737193]
 [90.39766174 60.15662141]
 [93.04391791 63.21539692]
 [94.41227499 65.22180591]
 [94.96984357 67.24614744]
 [95.         68.        ]
 [95.         69.5       ]