[ 4.5        91.5       ]
 [ 5.33556006 62.46662848]
 [26.6600658  33.43384599]
 [30.39323402  6.08327994]
 [55.58737985 28.63194508]
 [55.50000064 57.6668631 ]
 [60.60193343 86.65680677]
 [80.53662011 82.26617117]
 [80.94495926 53.23302387]
 [81.50183224 24.19568464]
[81.          5.        ]
 [81.          6.5       ]
 [81.          8.        ]
 [80.69521836 10.04737193]
 [79.60233826 12.15662141]
 [76.95608209 15.21539692]
 [75.58772501 17.22180591]
 [75.03015643 19.24614744]
 [75.         20.        ]
 [75.         21.5       ]