[ 8.5        94.5       ]
 [ 9.50003163 79.60158014]
 [ 9.45344518 64.70316028]
 [22.19616028 49.80473941]
 [26.48788206 34.90638713]
 [26.48899988 20.00373685]
 [29.88629742  6.71340851]
 [44.84172103 13.75787478]
 [52.52290888 28.68263954]
 [59.70901873 43.88952384]
[59.         46.75      ]
 [59.         45.25      ]
 [59.         44.        ]
 [59.30478164 41.95262807]
 [60.39766174 39.84337859]
 [63.04391791 36.78460308]
 [64.41227499 34.77819409]
 [64.96984357 32.75385256]
 [65.         31.75      ]
 [65.         30.25      ]