[13.5        98.5       ]
 [13.50021695 72.49999966]
 [10.5651543  46.50049692]
 [ 7.31039141 20.04629775]
 [32.49922724  6.34416918]
 [58.5        27.5       ]
 [59.50002913 53.499993  ]
 [59.42004094 79.51319953]
 [78.58473927 92.43248499]
 [80.51119442 66.48730051]
[81.         53.        ]
 [81.         54.5       ]
 [81.         56.        ]
 [80.69521836 58.04737193]
 [79.60233826 60.15662141]
 [76.95608209 63.21539692]
 [75.58772501 65.22180591]
 [75.03015643 67.24614744]
 [75.         68.        ]
 [75.         69.5       ]