[ 0.5        92.5       ]
 [ 1.48965294 74.16972478]
 [ 6.34385934 55.83945119]
 [ 9.49984755 37.50917293]
 [16.79671129 19.15419568]
 [34.17447548  6.22414966]
 [52.49076419 21.48147308]
 [52.49413942 39.8118122 ]
 [52.45880711 58.14124263]
 [57.48940942 76.47489938]
[59.         82.75      ]
 [59.         81.25      ]
 [59.         80.        ]
 [59.30478164 77.95262807]
 [60.39766174 75.84337859]
 [63.04391791 72.78460308]
 [64.41227499 70.77819409]
 [64.96984357 68.75385256]
 [65.         67.75      ]
 [65.         66.25      ]