[ 8.5        91.5       ]
 [ 9.49930873 77.13364055]
 [ 9.31036373 62.7672813 ]
 [20.6136083  48.40091032]
 [26.41916175 34.03510712]
 [26.52147334 19.6457771 ]
 [29.51693624  6.12729114]
 [43.97675944 13.11480592]
 [55.48435675 27.43066019]
 [58.28038939 41.94937047]
[59.         46.75      ]
 [59.         45.25      ]
 [59.         44.        ]
 [59.30478164 41.95262807]
 [60.39766174 39.84337859]
 [63.04391791 36.78460308]
 [64.41227499 34.77819409]
 [64.96984357 32.75385256]
 [65.         31.75      ]
 [65.         30.25      ]