[ 5.5        95.5       ]
 [ 5.4999764  80.70179372]
 [ 5.50226531 65.90358744]
 [15.93099683 51.10538115]
 [26.63037936 36.30717605]
 [26.48464182 21.50889924]
 [28.50048758  7.14998483]
 [43.06067837 11.95609808]
 [52.46678193 26.88252329]
 [57.87785681 42.00227283]
[59.         46.75      ]
 [59.         45.25      ]
 [59.         44.        ]
 [59.30478164 41.95262807]
 [60.39766174 39.84337859]
 [63.04391791 36.78460308]
 [64.41227499 34.77819409]
 [64.96984357 32.75385256]
 [65.         31.75      ]
 [65.         30.25      ]