[14.5        99.5       ]
 [15.49978845 84.27074236]
 [15.62140147 69.04148473]
 [25.55922391 53.81222628]
 [25.49882248 38.58302655]
 [25.48626099 23.34991636]
 [26.47411365  8.40591145]
 [40.10657324 10.99042839]
 [40.84489835 26.33067853]
 [41.55063285 41.88757129]
[41.         46.75      ]
 [41.         45.25      ]
 [41.         44.        ]
 [40.69521836 41.95262807]
 [39.60233826 39.84337859]
 [36.95608209 36.78460308]
 [35.58772501 34.77819409]
 [35.03015643 32.75385256]
 [35.         31.75      ]
 [35.         30.25      ]