[ 5.5        93.5       ]
 [ 6.49200237 76.56640626]
 [ 8.55662381 59.63281212]
 [25.05154745 42.69919256]
 [26.51402517 25.76997698]
 [26.35784782  8.75145946]
 [40.88065951 12.10038913]
 [52.63081068 29.03515474]
 [56.63514087 45.96823697]
 [57.39927994 63.04661135]
[59.         70.75      ]
 [59.         69.25      ]
 [59.         68.        ]
 [59.30478164 65.95262807]
 [60.39766174 63.84337859]
 [63.04391791 60.78460308]
 [64.41227499 58.77819409]
 [64.96984357 56.75385256]
 [65.         55.75      ]
 [65.         54.25      ]