[ 0.5        96.5       ]
 [ 0.49979506 81.27074233]
 [ 0.52244063 66.04148777]
 [ 5.94384234 50.81197873]
 [ 6.52811381 35.60075047]
 [11.65163518 22.73059661]
 [26.87388057  8.40927579]
 [42.19942247 10.99036063]
 [51.2410953  26.33067986]
 [58.61329315 41.88757126]
[59.         46.75      ]
 [59.         45.25      ]
 [59.         44.        ]
 [59.30478164 41.95262807]
 [60.39766174 39.84337859]
 [63.04391791 36.78460308]
 [64.41227499 34.77819409]
 [64.96984357 32.75385256]
 [65.         31.75      ]
 [65.         30.25      ]