[ 7.5        99.5       ]
 [13.08439285 71.23278878]
 [26.5150854  42.96555097]
 [26.51849044 14.70517144]
 [48.5126228  17.5928593 ]
 [57.49818884 45.83606511]
 [57.49939037 74.10415734]
 [76.7181592  94.23837611]
 [80.4981876  67.3618962 ]
 [80.50057311 39.09538557]
[81.         17.        ]
 [81.         18.5       ]
 [81.         20.        ]
 [80.69521836 22.04737193]
 [79.60233826 24.15662141]
 [76.95608209 27.21539692]
 [75.58772501 29.22180591]
 [75.03015643 31.24614744]
 [75.         32.        ]
 [75.         33.5       ]