[ 7.5        90.5       ]
 [ 7.50000071 72.13357299]
 [ 7.50009763 53.76700943]
 [ 7.50088139 35.39947091]
 [12.83601221 20.65028131]
 [31.24199842  6.09818434]
 [40.5301179  18.69491298]
 [40.49846783 37.06517315]
 [40.49977705 55.43235463]
 [40.49457407 73.82234096]
[41.         82.75      ]
 [41.         81.25      ]
 [41.         80.        ]
 [40.69521836 77.95262807]
 [39.60233826 75.84337859]
 [36.95608209 72.78460308]
 [35.58772501 70.77819409]
 [35.03015643 68.75385256]
 [35.         67.75      ]
 [35.         66.25      ]