[ 1.5        94.5       ]
 [14.83544411 81.23218673]
 [20.69795483 67.9643735 ]
 [26.50442558 54.69656038]
 [26.498892   41.42870372]
 [26.50328884 28.16213551]
 [26.53413201 14.90568128]
 [33.38036617  6.11801154]
 [46.62836174 15.67464866]
 [58.2954616  28.99945419]
[59.         34.75      ]
 [59.         33.25      ]
 [59.         32.        ]
 [59.30478164 29.95262807]
 [60.39766174 27.84337859]
 [63.04391791 24.78460308]
 [64.41227499 22.77819409]
 [64.96984357 20.75385256]
 [65.         19.75      ]
 [65.         18.25      ]