[10.5        95.5       ]
 [11.49018732 78.27027027]
 [14.04452638 61.04054054]
 [26.60258701 43.81081051]
 [26.50256477 26.5811004 ]
 [26.89445721  9.36550359]
 [42.2001207  11.72709628]
 [53.45192759 29.10741396]
 [57.93639129 46.33988681]
 [58.50971357 63.57626137]
[59.         70.75      ]
 [59.         69.25      ]
 [59.         68.        ]
 [59.30478164 65.95262807]
 [60.39766174 63.84337859]
 [63.04391791 60.78460308]
 [64.41227499 58.77819409]
 [64.96984357 56.75385256]
 [65.         55.75      ]
 [65.         54.25      ]