[ 5.5        96.5       ]
 [ 6.29253204 68.26886787]
 [26.59684243 40.03764321]
 [26.46713005 11.84357283]
 [51.63188048 20.40413913]
 [55.50045109 48.65565517]
 [55.50341185 76.88421864]
 [78.36379313 92.76990022]
 [80.50019685 64.65093989]
 [80.49331824 36.42373484]
[81.         17.        ]
 [81.         18.5       ]
 [81.         20.        ]
 [80.69521836 22.04737193]
 [79.60233826 24.15662141]
 [76.95608209 27.21539692]
 [75.58772501 29.22180591]
 [75.03015643 31.24614744]
 [75.         32.        ]
 [75.         33.5       ]