[10.5        97.5       ]
 [20.5021854  77.70134228]
 [24.52239269 57.90268429]
 [24.50034841 38.10395355]
 [24.54010791 18.28786391]
 [36.6729087   6.15964189]
 [51.4894634  25.29588142]
 [51.5001021  45.09062578]
 [51.51620857 64.88882957]
 [55.75614213 84.60259648]
[59.         94.75      ]
 [59.         93.25      ]
 [59.         92.        ]
 [59.30478164 89.95262807]
 [60.39766174 87.84337859]
 [63.04391791 84.78460308]
 [64.41227499 82.77819409]
 [64.96984357 80.75385256]
 [65.         79.75      ]
 [65.         78.25      ]