[ 8.5        91.5       ]
 [ 9.33523977 62.46662848]
 [26.43373776 33.43384599]
 [30.39187434  6.08327994]
 [59.05708941 28.63194508]
 [59.49997267 57.6668631 ]
 [60.94864926 86.65680677]
 [80.53675954 82.26617117]
 [80.49987111 53.23302387]
 [82.19371155 24.19568464]
[89.          5.        ]
 [89.          6.5       ]
 [89.          8.        ]
 [89.30478164 10.04737193]
 [90.39766174 12.15662141]
 [93.04391791 15.21539692]
 [94.41227499 17.22180591]
 [94.96984357 19.24614744]
 [95.         20.        ]
 [95.         21.5       ]