[ 5.5        94.5       ]
 [ 6.41894127 68.50000002]
 [25.69102886 42.4999658 ]
 [26.58527494 16.5312216 ]
 [44.49981859 13.45448455]
 [59.5        39.5       ]
 [59.50234132 65.49977024]
 [65.52575935 91.83775625]
 [80.59194941 80.51978712]
 [85.15790816 54.48728466]
[89.         41.        ]
 [89.         42.5       ]
 [89.         44.        ]
 [89.30478164 46.04737193]
 [90.39766174 48.15662141]
 [93.04391791 51.21539692]
 [94.41227499 53.22180591]
 [94.96984357 55.24614744]
 [95.         56.        ]
 [95.         57.5       ]