[12.5        98.5       ]
 [13.2859206  70.13348943]
 [26.52970512 41.76691919]
 [26.48621667 13.39293883]
 [50.06331944 18.96623979]
 [54.50096275 47.33255284]
 [54.47156522 75.69906897]
 [78.49581018 93.36508722]
 [80.49733726 65.56759271]
 [80.49960905 37.20061734]
[81.         17.        ]
 [81.         18.5       ]
 [81.         20.        ]
 [80.69521836 22.04737193]
 [79.60233826 24.15662141]
 [76.95608209 27.21539692]
 [75.58772501 29.22180591]
 [75.03015643 31.24614744]
 [75.         32.        ]
 [75.         33.5       ]