[ 2.5        92.5       ]
 [19.18662084 65.50000014]
 [25.41204975 38.49989661]
 [26.49959334 11.36438732]
 [50.44267464 19.47575019]
 [59.5        46.5       ]
 [59.49872327 73.49822249]
 [74.48000011 94.74994846]
 [80.50960867 70.50049184]
 [84.81910296 43.4842145 ]
[89.         29.        ]
 [89.         30.5       ]
 [89.         32.        ]
 [89.30478164 34.04737193]
 [90.39766174 36.15662141]
 [93.04391791 39.21539692]
 [94.41227499 41.22180591]
 [94.96984357 43.24614744]
 [95.         44.        ]
 [95.         45.5       ]