[ 8.5        96.5       ]
 [19.50329773 76.60118044]
 [20.48992042 56.7023607 ]
 [26.51412788 36.80349071]
 [26.51205486 16.89211182]
 [38.17683047  7.23568955]
 [41.40164798 26.89441527]
 [41.49940887 46.79174428]
 [41.49994511 66.6901688 ]
 [41.48924597 86.50818325]
[41.         94.75      ]
 [41.         93.25      ]
 [41.         92.        ]
 [40.69521836 89.95262807]
 [39.60233826 87.84337859]
 [36.95608209 84.78460308]
 [35.58772501 82.77819409]
 [35.03015643 80.75385256]
 [35.         79.75      ]
 [35.         78.25      ]