[11.5        94.5       ]
 [11.50028561 64.1334795 ]
 [ 7.21689551 33.76861683]
 [19.58016014 13.36258259]
 [50.02589102 18.94190293]
 [56.50096391 49.33259912]
 [56.13721397 79.71337958]
 [80.20824814 87.93545285]
 [80.49998708 57.56783481]
 [80.90833574 27.20334607]
[89.          5.        ]
 [89.          6.5       ]
 [89.          8.        ]
 [89.30478164 10.04737193]
 [90.39766174 12.15662141]
 [93.04391791 15.21539692]
 [94.41227499 17.22180591]
 [94.96984357 19.24614744]
 [95.         20.        ]
 [95.         21.5       ]