[ 3.5        93.5       ]
 [ 4.47527574 68.16887454]
 [ 6.49795111 42.83717055]
 [ 9.32576205 18.20241647]
 [34.82563554  6.60850831]
 [59.22323024 29.1538646 ]
 [59.50007839 54.48673931]
 [59.41027529 79.83269242]
 [78.38697372 92.74305214]
 [80.51358529 67.50410154]
[81.         53.        ]
 [81.         54.5       ]
 [81.         56.        ]
 [80.69521836 58.04737193]
 [79.60233826 60.15662141]
 [76.95608209 63.21539692]
 [75.58772501 65.22180591]
 [75.03015643 67.24614744]
 [75.         68.        ]
 [75.         69.5       ]