[12.5        90.5       ]
 [ 6.34995755 70.1694214 ]
 [ 7.48103473 49.83880703]
 [ 7.51040379 29.49732032]
 [15.87533352 15.82970153]
 [36.45447307  6.90052249]
 [40.46298468 25.48789496]
 [40.49981404 45.81407344]
 [40.49973275 66.14500205]
 [40.44633462 86.55052644]
[41.         94.75      ]
 [41.         93.25      ]
 [41.         92.        ]
 [40.69521836 89.95262807]
 [39.60233826 87.84337859]
 [36.95608209 84.78460308]
 [35.58772501 82.77819409]
 [35.03015643 80.75385256]
 [35.         79.75      ]
 [35.         78.25      ]