[12.5        94.5       ]
 [16.49573821 67.26894814]
 [ 8.73768563 40.03812088]
 [18.22056524 17.14088143]
 [45.43677386 14.4235276 ]
 [58.50633836 41.6552562 ]
 [58.50037953 68.88631413]
 [70.07642642 94.70689377]
 [80.46888855 74.64782663]
 [80.50083812 47.42004486]
[81.         29.        ]
 [81.         30.5       ]
 [81.         32.        ]
 [80.69521836 34.04737193]
 [79.60233826 36.15662141]
 [76.95608209 39.21539692]
 [75.58772501 41.22180591]
 [75.03015643 43.24614744]
 [75.         44.        ]
 [75.         45.5       ]