[ 8.5        97.5       ]
 [ 9.3625743  68.23280718]
 [26.44969318 38.96549123]
 [26.65347269  9.35668696]
 [51.81596598 23.57693488]
 [51.49923593 52.83596056]
 [56.10668767 82.09620472]
 [79.49783606 86.63462598]
 [81.36195282 57.36247216]
 [81.49890885 28.0957629 ]
[81.          5.        ]
 [81.          6.5       ]
 [81.          8.        ]
 [80.69521836 10.04737193]
 [79.60233826 12.15662141]
 [76.95608209 15.21539692]
 [75.58772501 17.22180591]
 [75.03015643 19.24614744]
 [75.         20.        ]
 [75.         21.5       ]