[10.5        95.5       ]
 [ 7.49565182 65.13347852]
 [ 3.56746041 34.7629616 ]
 [19.60653728 15.62107239]
 [50.0258987  18.9422521 ]
 [56.48968754 49.33259925]
 [58.33671114 79.71337958]
 [80.20723387 87.93545285]
 [80.49994213 57.56783481]
 [80.50100816 27.20334607]
[81.          5.        ]
 [81.          6.5       ]
 [81.          8.        ]
 [80.69521836 10.04737193]
 [79.60233826 12.15662141]
 [76.95608209 15.21539692]
 [75.58772501 17.22180591]
 [75.03015643 19.24614744]
 [75.         20.        ]
 [75.         21.5       ]