[ 0.5        92.5       ]
 [ 0.53460924 76.70168061]
 [-0.66555552 60.90336792]
 [ 9.85324105 45.10455843]
 [10.51144822 29.33436   ]
 [20.52296971 14.60105539]
 [36.31976073  6.41986273]
 [40.49226749 21.08820688]
 [40.50081482 36.88315058]
 [40.45503284 52.95614528]
[41.         58.75      ]
 [41.         57.25      ]
 [41.         56.        ]
 [40.69521836 53.95262807]
 [39.60233826 51.84337859]
 [36.95608209 48.78460308]
 [35.58772501 46.77819409]
 [35.03015643 44.75385256]
 [35.         43.75      ]
 [35.         42.25      ]