[ 7.5        99.5       ]
 [ 8.49890431 79.56644518]
 [16.35428867 59.63289033]
 [23.49817292 39.69932611]
 [23.50772682 19.76339643]
 [35.17141908  6.40309777]
 [50.55994549 24.10014867]
 [50.5101432  44.03487599]
 [58.51408494 63.96832563]
 [58.5080931  83.87798283]
[59.         94.75      ]
 [59.         93.25      ]
 [59.         92.        ]
 [59.30478164 89.95262807]
 [60.39766174 87.84337859]
 [63.04391791 84.78460308]
 [64.41227499 82.77819409]
 [64.96984357 80.75385256]
 [65.         79.75      ]
 [65.         78.25      ]