[ 3.5        98.5       ]
 [ 4.50215035 82.03360489]
 [ 4.8089917  65.56720989]
 [ 9.50551027 49.10081116]
 [ 9.39984374 32.63402172]
 [19.9076102  16.22353415]
 [35.40654605  6.17079   ]
 [40.496051   20.76475209]
 [40.50097208 37.22690372]
 [40.44723873 54.01585984]
[41.         58.75      ]
 [41.         57.25      ]
 [41.         56.        ]
 [40.69521836 53.95262807]
 [39.60233826 51.84337859]
 [36.95608209 48.78460308]
 [35.58772501 46.77819409]
 [35.03015643 44.75385256]
 [35.         43.75      ]
 [35.         42.25      ]