[10.5        98.5       ]
 [11.31573945 71.26894863]
 [26.52031215 44.03790929]
 [26.57742053 16.84913231]
 [45.4337697  14.42369948]
 [59.51305519 41.65525634]
 [59.50797111 68.88631413]
 [70.07194579 94.70689377]
 [80.46798644 74.64782663]
 [82.53356359 47.42004486]
[89.         29.        ]
 [89.         30.5       ]
 [89.         32.        ]
 [89.30478164 34.04737193]
 [90.39766174 36.15662141]
 [93.04391791 39.21539692]
 [94.41227499 41.22180591]
 [94.96984357 43.24614744]
 [95.         44.        ]
 [95.         45.5       ]