[ 8.5        95.5       ]
 [ 9.42762232 69.60090556]
 [26.81849903 43.70181081]
 [26.55398732 17.80302741]
 [43.08455757 11.96578716]
 [59.47922921 37.99553061]
 [59.50054088 63.89449978]
 [63.70950837 89.97308547]
 [80.58223089 82.33738925]
 [83.67940417 56.38894874]
[89.         41.        ]
 [89.         42.5       ]
 [89.         44.        ]
 [89.30478164 46.04737193]
 [90.39766174 48.15662141]
 [93.04391791 51.21539692]
 [94.41227499 53.22180591]
 [94.96984357 55.24614744]
 [95.         56.        ]
 [95.         57.5       ]