[ 6.5        96.5       ]
 [ 7.37734817 67.13348413]
 [26.49678336 37.76682521]
 [27.35618763  7.97366414]
 [56.35939148 24.97234802]
 [58.49962468 54.33256479]
 [58.9119576  83.66950031]
 [80.52803529 84.93421552]
 [80.50000196 55.56787337]
 [81.21324717 26.20266265]
[89.          5.        ]
 [89.          6.5       ]
 [89.          8.        ]
 [89.30478164 10.04737193]
 [90.39766174 12.15662141]
 [93.04391791 15.21539692]
 [94.41227499 17.22180591]
 [94.96984357 19.24614744]
 [95.         20.        ]
 [95.         21.5       ]