[10.5        96.5       ]
 [11.49781112 82.60169492]
 [11.2905467  68.70338977]
 [21.36438675 54.80508681]
 [26.48443437 40.9067452 ]
 [26.50060583 27.00738066]
 [26.40025097 13.22238381]
 [35.84168557  6.68586765]
 [49.71153952 18.67794858]
 [59.50728545 32.54385064]
[59.         34.75      ]
 [59.         33.25      ]
 [59.         32.        ]
 [59.30478164 29.95262807]
 [60.39766174 27.84337859]
 [63.04391791 24.78460308]
 [64.41227499 22.77819409]
 [64.96984357 20.75385256]
 [65.         19.75      ]
 [65.         18.25      ]