[ 7.5        93.5       ]
 [ 8.49774046 77.70168067]
 [ 9.11365686 61.90336106]
 [22.37321851 46.10506293]
 [22.50592604 30.30552753]
 [22.24189148 14.55863471]
 [36.31976053  6.42000938]
 [40.49226748 21.08821285]
 [40.50081482 36.88315038]
 [40.45503284 52.95614529]
[41.         58.75      ]
 [41.         57.25      ]
 [41.         56.        ]
 [40.69521836 53.95262807]
 [39.60233826 51.84337859]
 [36.95608209 48.78460308]
 [35.58772501 46.77819409]
 [35.03015643 44.75385256]
 [35.         43.75      ]
 [35.         42.25      ]