[ 0.5        94.5       ]
 [ 1.49216585 75.23253833]
 [ 8.27865241 55.96507746]
 [10.46918589 36.69777343]
 [17.68274685 17.45563544]
 [36.77328952  7.02719494]
 [40.50093389 25.10604995]
 [40.49999873 44.37222971]
 [40.50005341 63.63953288]
 [40.5138663  82.86555613]
[41.         94.75      ]
 [41.         93.25      ]
 [41.         92.        ]
 [40.69521836 89.95262807]
 [39.60233826 87.84337859]
 [36.95608209 84.78460308]
 [35.58772501 82.77819409]
 [35.03015643 80.75385256]
 [35.         79.75      ]
 [35.         78.25      ]