[ 4.5        92.5       ]
 [ 5.49094604 75.46660119]
 [ 7.74038199 58.43320185]
 [18.40450436 41.39974779]
 [18.58628194 24.37309505]
 [27.66314729  7.40521666]
 [40.02919471 13.81271014]
 [40.501681   30.73313761]
 [40.50054018 47.7648625 ]
 [40.44760283 65.03724832]
[41.         70.75      ]
 [41.         69.25      ]
 [41.         68.        ]
 [40.69521836 65.95262807]
 [39.60233826 63.84337859]
 [36.95608209 60.78460308]
 [35.58772501 58.77819409]
 [35.03015643 56.75385256]
 [35.         55.75      ]
 [35.         54.25      ]