[10.5        91.5       ]
 [ 3.40127251 65.23274856]
 [ 5.52122602 38.96447328]
 [10.10345556 14.71325284]
 [36.568953    6.52805388]
 [59.69406767 31.83626289]
 [59.50029351 58.10351359]
 [59.13717514 84.37049003]
 [79.50084705 87.35235639]
 [82.0249741  61.09374314]
[89.         41.        ]
 [89.         42.5       ]
 [89.         44.        ]
 [89.30478164 46.04737193]
 [90.39766174 48.15662141]
 [93.04391791 51.21539692]
 [94.41227499 53.22180591]
 [94.96984357 55.24614744]
 [95.         56.        ]
 [95.         57.5       ]