[14.5        99.5       ]
 [14.50008835 82.56640626]
 [14.49487282 65.63281216]
 [14.13100803 48.69919543]
 [ 2.3245022  31.7695001 ]
 [ 2.35301017 14.76028839]
 [19.10982574 12.82626311]
 [36.01749093  6.11480686]
 [49.71762781 21.97213085]
 [57.04187511 39.04645795]
[59.         46.75      ]
 [59.         45.25      ]
 [59.         44.        ]
 [59.30478164 41.95262807]
 [60.39766174 39.84337859]
 [63.04391791 36.78460308]
 [64.41227499 34.77819409]
 [64.96984357 32.75385256]
 [65.         31.75      ]
 [65.         30.25      ]