[ 3.5        91.5       ]
 [ 4.49267105 74.70158104]
 [ 6.35442238 57.90316129]
 [22.89874985 41.10472105]
 [26.51600635 24.31332807]
 [27.83000766  7.16359623]
 [43.20181035 13.35502513]
 [54.59658821 30.08726797]
 [54.43527324 46.88830589]
 [56.9809832  63.83560761]
[59.         70.75      ]
 [59.         69.25      ]
 [59.         68.        ]
 [59.30478164 65.95262807]
 [60.39766174 63.84337859]
 [63.04391791 60.78460308]
 [64.41227499 58.77819409]
 [64.96984357 56.75385256]
 [65.         55.75      ]
 [65.         54.25      ]