[14.5        90.5       ]
 [15.49967465 75.23233405]
 [15.65058355 59.9646681 ]
 [26.641431   44.69700201]
 [26.49851847 29.42934587]
 [26.38336323 14.16102994]
 [36.42566606  6.89448454]
 [40.63202234 20.35702944]
 [40.91193522 35.63909023]
 [41.55558878 51.05351102]
[41.         58.75      ]
 [41.         57.25      ]
 [41.         56.        ]
 [40.69521836 53.95262807]
 [39.60233826 51.84337859]
 [36.95608209 48.78460308]
 [35.58772501 46.77819409]
 [35.03015643 44.75385256]
 [35.         43.75      ]
 [35.         42.25      ]