[ 1.5        96.5       ]
 [ 2.48420679 79.03358925]
 [ 5.46346548 61.56717852]
 [17.86491389 44.10080622]
 [18.49573409 26.63402538]
 [25.96355256  8.78734032]
 [39.48390488 12.27492807]
 [41.47950279 29.76310126]
 [41.50011549 47.23176152]
 [41.54516581 64.97018494]
[41.         70.75      ]
 [41.         69.25      ]
 [41.         68.        ]
 [40.69521836 65.95262807]
 [39.60233826 63.84337859]
 [36.95608209 60.78460308]
 [35.58772501 58.77819409]
 [35.03015643 56.75385256]
 [35.         55.75      ]
 [35.         54.25      ]