[ 9.5        90.5       ]
 [10.28913838 62.5       ]
 [26.45407124 34.49999759]
 [28.66377748  7.0155891 ]
 [55.68930961 25.50446022]
 [56.5        53.5       ]
 [56.69448809 81.5249258 ]
 [79.74689545 88.40816051]
 [80.50016594 60.50005688]
 [80.51141551 32.48748321]
[81.         17.        ]
 [81.         18.5       ]
 [81.         20.        ]
 [80.69521836 22.04737193]
 [79.60233826 24.15662141]
 [76.95608209 27.21539692]
 [75.58772501 29.22180591]
 [75.03015643 31.24614744]
 [75.         32.        ]
 [75.         33.5       ]