[ 2.5        95.5       ]
 [12.42103139 78.27027027]
 [18.88931484 61.04054054]
 [26.47190508 43.81081051]
 [26.50361704 26.5811004 ]
 [26.89171555  9.36550359]
 [42.81846213 11.72709628]
 [51.48467978 29.10741396]
 [51.43254077 46.33988681]
 [57.53988761 63.57626137]
[59.         70.75      ]
 [59.         69.25      ]
 [59.         68.        ]
 [59.30478164 65.95262807]
 [60.39766174 63.84337859]
 [63.04391791 60.78460308]
 [64.41227499 58.77819409]
 [64.96984357 56.75385256]
 [65.         55.75      ]
 [65.         54.25      ]