[ 1.5        92.5       ]
 [ 1.5        77.56637168]
 [ 1.50000034 62.63274347]
 [ 1.49997436 47.69910702]
 [ 1.50173474 32.76602986]
 [ 1.38998717 17.79741408]
 [15.10154112 14.45825172]
 [30.03532936  6.63942446]
 [44.97331958 13.94535624]
 [58.29252055 28.99267336]
[59.         34.75      ]
 [59.         33.25      ]
 [59.         32.        ]
 [59.30478164 29.95262807]
 [60.39766174 27.84337859]
 [63.04391791 24.78460308]
 [64.41227499 22.77819409]
 [64.96984357 20.75385256]
 [65.         19.75      ]
 [65.         18.25      ]