[ 1.5        99.5       ]
 [15.65113524 80.70141343]
 [15.50147678 61.90282664]
 [15.4987835  43.10421613]
 [15.47232473 24.3051079 ]
 [29.47601745  6.87700095]
 [40.51940036 17.31834272]
 [40.50011322 36.0902692 ]
 [40.49996291 54.8889181 ]
 [40.50999014 73.62700526]
[41.         82.75      ]
 [41.         81.25      ]
 [41.         80.        ]
 [40.69521836 77.95262807]
 [39.60233826 75.84337859]
 [36.95608209 72.78460308]
 [35.58772501 70.77819409]
 [35.03015643 68.75385256]
 [35.         67.75      ]
 [35.         66.25      ]