[ 8.5        95.5       ]
 [ 8.50003947 77.49999996]
 [ 8.50298745 59.49999686]
 [ 7.6680987  41.50033603]
 [ 8.31290957 23.62823849]
 [25.5         9.5       ]
 [43.38630463 12.40728128]
 [50.52659908 30.49952589]
 [50.27648076 48.49883723]
 [58.25389492 66.18084851]
[59.         70.75      ]
 [59.         69.25      ]
 [59.         68.        ]
 [59.30478164 65.95262807]
 [60.39766174 63.84337859]
 [63.04391791 60.78460308]
 [64.41227499 58.77819409]
 [64.96984357 56.75385256]
 [65.         55.75      ]
 [65.         54.25      ]