[ 6.5        97.5       ]
 [ 7.49584248 81.2704918 ]
 [ 8.57283466 65.04098377]
 [24.47644208 48.81146691]
 [26.50005003 32.58201222]
 [26.50271231 16.39471316]
 [34.96488629  6.12178557]
 [50.0011092  20.08942538]
 [50.46866958 36.33647215]
 [58.11164385 52.73245554]
[59.         58.75      ]
 [59.         57.25      ]
 [59.         56.        ]
 [59.30478164 53.95262807]
 [60.39766174 51.84337859]
 [63.04391791 48.78460308]
 [64.41227499 46.77819409]
 [64.96984357 44.75385256]
 [65.         43.75      ]
 [65.         42.25      ]