[ 3.5        91.5       ]
 [ 4.49087718 72.2698962 ]
 [10.91943494 53.03979534]
 [23.49199769 33.8102588 ]
 [23.17368819 14.66693677]
 [39.46934192  8.34918463]
 [54.5406047  27.8799226 ]
 [54.49047879 47.11073024]
 [57.6472067  66.34035116]
 [57.27181616 85.46399336]
[59.         94.75      ]
 [59.         93.25      ]
 [59.         92.        ]
 [59.30478164 89.95262807]
 [60.39766174 87.84337859]
 [63.04391791 84.78460308]
 [64.41227499 82.77819409]
 [64.96984357 80.75385256]
 [65.         79.75      ]
 [65.         78.25      ]