[ 4.5        90.5       ]
 [ 5.31527257 61.70092379]
 [26.68904778 32.9018417 ]
 [30.80242594  6.14422502]
 [55.49867679 28.69604688]
 [55.49957978 57.49535393]
 [60.11048684 86.20296752]
 [80.57888137 82.93646215]
 [80.55620904 54.10739416]
 [81.49945643 25.31083916]
[81.          5.        ]
 [81.          6.5       ]
 [81.          8.        ]
 [80.69521836 10.04737193]
 [79.60233826 12.15662141]
 [76.95608209 15.21539692]
 [75.58772501 17.22180591]
 [75.03015643 19.24614744]
 [75.         20.        ]
 [75.         21.5       ]