[ 5.5        98.5       ]
 [20.98541517 82.03360489]
 [26.53393918 65.56720989]
 [26.49944647 49.10081116]
 [26.49927671 32.63402172]
 [26.59961436 16.22353415]
 [35.45453902  6.17079   ]
 [48.55817577 20.76475209]
 [50.44594277 37.22690372]
 [57.90159966 54.01585984]
[59.         58.75      ]
 [59.         57.25      ]
 [59.         56.        ]
 [59.30478164 53.95262807]
 [60.39766174 51.84337859]
 [63.04391791 48.78460308]
 [64.41227499 46.77819409]
 [64.96984357 44.75385256]
 [65.         43.75      ]
 [65.         42.25      ]