[ 0.5        94.5       ]
 [ 1.30994266 65.50000292]
 [ 7.48910737 36.5097949 ]
 [21.48507802 13.4624956 ]
 [50.62370836 19.48659442]
 [55.5        48.5       ]
 [55.41805372 77.49462561]
 [78.96329388 91.83775627]
 [80.88284061 62.50015301]
 [81.49425723 33.49383415]
[81.         17.        ]
 [81.         18.5       ]
 [81.         20.        ]
 [80.69521836 22.04737193]
 [79.60233826 24.15662141]
 [76.95608209 27.21539692]
 [75.58772501 29.22180591]
 [75.03015643 31.24614744]
 [75.         32.        ]
 [75.         33.5       ]