[ 3.5        96.5       ]
 [15.57343879 78.23249551]
 [15.50054148 59.96499052]
 [15.4997648  41.6974957 ]
 [15.29002913 23.43819122]
 [29.78088535  6.10932633]
 [40.45424117 17.11801774]
 [41.47418721 35.37293577]
 [41.49998491 53.64040604]
 [41.49205434 71.8837014 ]
[41.         82.75      ]
 [41.         81.25      ]
 [41.         80.        ]
 [40.69521836 77.95262807]
 [39.60233826 75.84337859]
 [36.95608209 72.78460308]
 [35.58772501 70.77819409]
 [35.03015643 68.75385256]
 [35.         67.75      ]
 [35.         66.25      ]