[ 2.5        99.5       ]
 [ 3.49893234 79.56644518]
 [11.36490745 59.63289033]
 [23.50679843 39.69932611]
 [23.50792562 19.76339643]
 [35.20417952  6.40309777]
 [46.53251578 24.10014867]
 [46.49953454 44.03487599]
 [46.35647059 63.96832563]
 [55.18478759 83.87798283]
[59.         94.75      ]
 [59.         93.25      ]
 [59.         92.        ]
 [59.30478164 89.95262807]
 [60.39766174 87.84337859]
 [63.04391791 84.78460308]
 [64.41227499 82.77819409]
 [64.96984357 80.75385256]
 [65.         79.75      ]
 [65.         78.25      ]