[ 9.5        99.5       ]
 [10.4899493  81.5       ]
 [14.58407532 63.49999991]
 [18.51277521 45.5000093 ]
 [18.52170767 27.50177752]
 [25.5         9.5       ]
 [40.39668438 12.40760325]
 [41.47645099 30.49952757]
 [41.49938829 48.49883721]
 [41.30900743 66.18084851]
[41.         70.75      ]
 [41.         69.25      ]
 [41.         68.        ]
 [40.69521836 65.95262807]
 [39.60233826 63.84337859]
 [36.95608209 60.78460308]
 [35.58772501 58.77819409]
 [35.03015643 56.75385256]
 [35.         55.75      ]
 [35.         54.25      ]