[13.5        98.5       ]
 [19.46287816 81.23244782]
 [24.06111508 63.96489569]
 [26.50513003 46.69736006]
 [26.49833903 29.42887044]
 [26.28080922 12.03807815]
 [38.60249736  9.12951162]
 [50.49901185 26.37287703]
 [50.41105486 43.64123442]
 [58.69508257 60.93087143]
[59.         70.75      ]
 [59.         69.25      ]
 [59.         68.        ]
 [59.30478164 65.95262807]
 [60.39766174 63.84337859]
 [63.04391791 60.78460308]
 [64.41227499 58.77819409]
 [64.96984357 56.75385256]
 [65.         55.75      ]
 [65.         54.25      ]