[ 6.5        92.5       ]
 [20.14971597 78.23226544]
 [22.4194134  63.96453106]
 [26.44544547 49.69678726]
 [26.50125007 35.42945333]
 [26.49901292 21.14796902]
 [27.92715816  7.19095701]
 [42.39050382 11.35651485]
 [53.40066341 25.64234759]
 [57.72139922 40.06470418]
[59.         46.75      ]
 [59.         45.25      ]
 [59.         44.        ]
 [59.30478164 41.95262807]
 [60.39766174 39.84337859]
 [63.04391791 36.78460308]
 [64.41227499 34.77819409]
 [64.96984357 32.75385256]
 [65.         31.75      ]
 [65.         30.25      ]