[ 3.5        93.5       ]
 [19.2443148  77.70168067]
 [25.5709634  61.90336106]
 [25.52492688 46.10506293]
 [26.57577317 30.30552753]
 [26.58953486 14.55863471]
 [36.32130065  6.42000938]
 [50.82080971 21.08821285]
 [51.6487321  36.88315038]
 [57.46846941 52.95614529]
[59.         58.75      ]
 [59.         57.25      ]
 [59.         56.        ]
 [59.30478164 53.95262807]
 [60.39766174 51.84337859]
 [63.04391791 48.78460308]
 [64.41227499 46.77819409]
 [64.96984357 44.75385256]
 [65.         43.75      ]
 [65.         42.25      ]