[12.5        92.5       ]
 [13.2864116  64.70095711]
 [26.51695772 36.90201965]
 [26.79113928  8.76189879]
 [53.48917947 22.70342035]
 [55.5002963  50.49521336]
 [55.19472487 78.30027628]
 [79.33904637 91.84292187]
 [80.49058339 64.10749726]
 [81.50187165 36.30775314]
[81.         17.        ]
 [81.         18.5       ]
 [81.         20.        ]
 [80.69521836 22.04737193]
 [79.60233826 24.15662141]
 [76.95608209 27.21539692]
 [75.58772501 29.22180591]
 [75.03015643 31.24614744]
 [75.         32.        ]
 [75.         33.5       ]