[ 0.5        94.5       ]
 [ 1.49861848 74.56644516]
 [ 6.47890184 54.63288321]
 [ 6.49485592 34.69730287]
 [15.23487627 19.67290216]
 [35.19232753  6.40250758]
 [48.56283892 24.10014496]
 [48.50057182 44.03487597]
 [53.90403035 63.96832563]
 [58.51265976 83.87798283]
[59.         94.75      ]
 [59.         93.25      ]
 [59.         92.        ]
 [59.30478164 89.95262807]
 [60.39766174 87.84337859]
 [63.04391791 84.78460308]
 [64.41227499 82.77819409]
 [64.96984357 80.75385256]
 [65.         79.75      ]
 [65.         78.25      ]