[ 7.5        93.5       ]
 [ 8.49792191 77.70168067]
 [ 9.09379999 61.90336106]
 [24.27397857 46.10506293]
 [26.51996957 30.30552753]
 [26.59172988 14.55863471]
 [36.29749473  6.42000938]
 [51.99827624 21.08821285]
 [55.24431288 36.88315038]
 [57.90278008 52.95614529]
[59.         58.75      ]
 [59.         57.25      ]
 [59.         56.        ]
 [59.30478164 53.95262807]
 [60.39766174 51.84337859]
 [63.04391791 48.78460308]
 [64.41227499 46.77819409]
 [64.96984357 44.75385256]
 [65.         43.75      ]
 [65.         42.25      ]