[ 0.5        94.5       ]
 [ 3.49964081 79.60158014]
 [ 3.40561421 64.70316028]
 [18.18328172 49.80473941]
 [26.53038482 34.90638713]
 [26.48794853 20.00373685]
 [29.88671043  6.71340851]
 [44.81908623 13.75787478]
 [52.30897852 28.68263954]
 [59.33899221 43.88952384]
[59.         46.75      ]
 [59.         45.25      ]
 [59.         44.        ]
 [59.30478164 41.95262807]
 [60.39766174 39.84337859]
 [63.04391791 36.78460308]
 [64.41227499 34.77819409]
 [64.96984357 32.75385256]
 [65.         31.75      ]
 [65.         30.25      ]