[14.5        91.5       ]
 [20.45779802 73.56642068]
 [26.03585209 55.63284234]
 [26.49887902 37.69912238]
 [26.51970644 19.74437978]
 [33.1236573   6.45304196]
 [49.14718223 20.07878225]
 [55.51202916 38.03498561]
 [55.47949278 55.96942867]
 [59.45519981 73.99128267]
[59.         82.75      ]
 [59.         81.25      ]
 [59.         80.        ]
 [59.30478164 77.95262807]
 [60.39766174 75.84337859]
 [63.04391791 72.78460308]
 [64.41227499 70.77819409]
 [64.96984357 68.75385256]
 [65.         67.75      ]
 [65.         66.25      ]