[ 1.5        93.5       ]
 [19.38641446 74.13356165]
 [26.53388134 54.76712479]
 [26.50083892 35.4010058 ]
 [26.60346712 16.09178966]
 [37.96897161  7.5909681 ]
 [52.59156891 26.69865051]
 [52.50033801 46.06506987]
 [52.49902682 65.43148091]
 [56.21132495 84.75720127]
[59.         94.75      ]
 [59.         93.25      ]
 [59.         92.        ]
 [59.30478164 89.95262807]
 [60.39766174 87.84337859]
 [63.04391791 84.78460308]
 [64.41227499 82.77819409]
 [64.96984357 80.75385256]
 [65.         79.75      ]
 [65.         78.25      ]