[ 6.5        96.5       ]
 [ 7.39476714 70.26903656]
 [ 9.49407644 44.03666886]
 [12.97117821 20.02494679]
 [39.42406343  8.44519638]
 [59.40113544 34.65510059]
 [59.49917795 60.88590296]
 [61.36493727 87.02928243]
 [80.48479478 84.64651968]
 [80.51373846 58.41316215]
[81.         41.        ]
 [81.         42.5       ]
 [81.         44.        ]
 [80.69521836 46.04737193]
 [79.60233826 48.15662141]
 [76.95608209 51.21539692]
 [75.58772501 53.22180591]
 [75.03015643 55.24614744]
 [75.         56.        ]
 [75.         57.5       ]