[ 2.5        94.5       ]
 [16.63924838 75.23253833]
 [20.48376336 55.96507746]
 [24.86851566 36.69777343]
 [24.50679403 17.45563544]
 [36.74751076  7.02719494]
 [41.56230358 25.10604995]
 [41.49991166 44.37222971]
 [41.49994296 63.63953288]
 [41.48613366 82.86555613]
[41.         94.75      ]
 [41.         93.25      ]
 [41.         92.        ]
 [40.69521836 89.95262807]
 [39.60233826 87.84337859]
 [36.95608209 84.78460308]
 [35.58772501 82.77819409]
 [35.03015643 80.75385256]
 [35.         79.75      ]
 [35.         78.25      ]