[14.5        95.5       ]
 [15.48801055 77.13357401]
 [20.20244621 58.76714802]
 [26.50164671 40.40072208]
 [26.48525075 22.03421265]
 [31.23212952  6.10854411]
 [49.72675842 18.69492462]
 [54.51750766 37.06517255]
 [54.49124416 55.43235462]
 [56.64543289 73.82234096]
[59.         82.75      ]
 [59.         81.25      ]
 [59.         80.        ]
 [59.30478164 77.95262807]
 [60.39766174 75.84337859]
 [63.04391791 72.78460308]
 [64.41227499 70.77819409]
 [64.96984357 68.75385256]
 [65.         67.75      ]
 [65.         66.25      ]