[11.5        96.5       ]
 [17.49555875 76.60118044]
 [23.50922128 56.7023607 ]
 [23.50026194 36.80349071]
 [23.54688002 16.89211182]
 [37.98827278  7.23568955]
 [52.56538552 26.89441527]
 [58.63599454 46.79174428]
 [58.5003718  66.6901688 ]
 [58.40752027 86.50818325]
[59.         94.75      ]
 [59.         93.25      ]
 [59.         92.        ]
 [59.30478164 89.95262807]
 [60.39766174 87.84337859]
 [63.04391791 84.78460308]
 [64.41227499 82.77819409]
 [64.96984357 80.75385256]
 [65.         79.75      ]
 [65.         78.25      ]