[11.5        96.5       ]
 [ 2.10427546 67.60081131]
 [ 5.44946479 38.70220957]
 [20.19029405 14.77348529]
 [49.07808075 18.08264558]
 [59.4999251  46.99594986]
 [59.52654349 75.89075148]
 [78.17525455 93.04288494]
 [80.49980544 64.30648418]
 [82.53912241 35.40672269]
[89.         17.        ]
 [89.         18.5       ]
 [89.         20.        ]
 [89.30478164 22.04737193]
 [90.39766174 24.15662141]
 [93.04391791 27.21539692]
 [94.41227499 29.22180591]
 [94.96984357 31.24614744]
 [95.         32.        ]
 [95.         33.5       ]