[ 0.5        94.5       ]
 [22.6601393  65.26879275]
 [26.50098205 36.03774189]
 [28.27132713  7.540782  ]
 [56.6551533  26.42707498]
 [57.49989127 55.65601783]
 [58.76056611 84.87164553]
 [80.44479203 83.86903904]
 [80.50014271 54.65032765]
 [81.62713465 25.42427048]
[89.          5.        ]
 [89.          6.5       ]
 [89.          8.        ]
 [89.30478164 10.04737193]
 [90.39766174 12.15662141]
 [93.04391791 15.21539692]
 [94.41227499 17.22180591]
 [94.96984357 19.24614744]
 [95.         20.        ]
 [95.         21.5       ]