[ 2.5        98.5       ]
 [ 3.28077313 70.13348943]
 [19.21482537 41.76691919]
 [26.48640553 13.39293883]
 [49.93826381 18.96623979]
 [59.49600325 47.33255284]
 [59.50756567 75.69906897]
 [78.50177315 93.36508722]
 [80.4973411  65.56759271]
 [80.49960905 37.20061734]
[81.         17.        ]
 [81.         18.5       ]
 [81.         20.        ]
 [80.69521836 22.04737193]
 [79.60233826 24.15662141]
 [76.95608209 27.21539692]
 [75.58772501 29.22180591]
 [75.03015643 31.24614744]
 [75.         32.        ]
 [75.         33.5       ]