[ 8.5        90.5       ]
 [ 9.31491275 61.70092379]
 [26.4211649  32.9018417 ]
 [30.80232324  6.14422502]
 [55.49866882 28.69604688]
 [55.5701412  57.49535393]
 [60.35093941 86.20296752]
 [80.57885146 82.93646215]
 [80.50001176 54.10739416]
 [80.50071463 25.31083916]
[81.          5.        ]
 [81.          6.5       ]
 [81.          8.        ]
 [80.69521836 10.04737193]
 [79.60233826 12.15662141]
 [76.95608209 15.21539692]
 [75.58772501 17.22180591]
 [75.03015643 19.24614744]
 [75.         20.        ]
 [75.         21.5       ]