[12.5        98.5       ]
 [13.49838809 84.46658711]
 [13.28253422 70.43317419]
 [23.97772832 56.3997627 ]
 [26.52572611 42.36630998]
 [26.5003393  28.33318376]
 [26.57804756 14.34294139]
 [34.91791071  6.11165743]
 [39.34564216 17.78260447]
 [40.58544844 31.28555264]
[41.         34.75      ]
 [41.         33.25      ]
 [41.         32.        ]
 [40.69521836 29.95262807]
 [39.60233826 27.84337859]
 [36.95608209 24.78460308]
 [35.58772501 22.77819409]
 [35.03015643 20.75385256]
 [35.         19.75      ]
 [35.         18.25      ]