[ 8.5        91.5       ]
 [ 9.49473827 78.27135678]
 [ 9.37784859 65.0427137 ]
 [17.17541801 51.81407136]
 [26.76183427 38.58527025]
 [26.4912004  25.36049103]
 [26.43664624 12.19521956]
 [36.4550414   6.72201156]
 [39.4765944  18.3203728 ]
 [41.42647694 31.86657713]
[41.         34.75      ]
 [41.         33.25      ]
 [41.         32.        ]
 [40.69521836 29.95262807]
 [39.60233826 27.84337859]
 [36.95608209 24.78460308]
 [35.58772501 22.77819409]
 [35.03015643 20.75385256]
 [35.         19.75      ]
 [35.         18.25      ]