[ 3.5        96.5       ]
 [ 0.35045353 70.46662355]
 [ 3.65594976 44.43371796]
 [ 4.35613553 17.98141987]
 [29.63315156  6.79759096]
 [55.66810714 24.66729231]
 [59.50139081 50.70025942]
 [59.57311194 76.72653306]
 [77.11139929 94.16455292]
 [80.49964847 69.19522262]
[81.         53.        ]
 [81.         54.5       ]
 [81.         56.        ]
 [80.69521836 58.04737193]
 [79.60233826 60.15662141]
 [76.95608209 63.21539692]
 [75.58772501 65.22180591]
 [75.03015643 67.24614744]
 [75.         68.        ]
 [75.         69.5       ]