[ 7.5        96.5       ]
 [ 8.49533302 80.17010309]
 [ 9.69624128 63.8402064 ]
 [25.83027862 47.51030012]
 [26.4974614  31.18016876]
 [26.43270232 14.92624793]
 [36.53180702  6.7798037 ]
 [51.27902494 21.80284247]
 [54.97943875 38.1403845 ]
 [58.07931539 54.15728637]
[59.         58.75      ]
 [59.         57.25      ]
 [59.         56.        ]
 [59.30478164 53.95262807]
 [60.39766174 51.84337859]
 [63.04391791 48.78460308]
 [64.41227499 46.77819409]
 [64.96984357 44.75385256]
 [65.         43.75      ]
 [65.         42.25      ]