[11.5        94.5       ]
 [17.48168095 78.46659708]
 [19.09206248 62.43319397]
 [21.52330457 46.39980281]
 [21.50429834 30.36594566]
 [21.5659862  14.32650394]
 [36.64649161  6.96337551]
 [40.49400388 21.72569837]
 [40.50109248 37.76277001]
 [40.46642629 53.95226404]
[41.         58.75      ]
 [41.         57.25      ]
 [41.         56.        ]
 [40.69521836 53.95262807]
 [39.60233826 51.84337859]
 [36.95608209 48.78460308]
 [35.58772501 46.77819409]
 [35.03015643 44.75385256]
 [35.         43.75      ]
 [35.         42.25      ]