[ 0.5        92.5       ]
 [ 3.48464892 74.16972478]
 [ 9.17942394 55.83945119]
 [24.49657956 37.50917293]
 [26.50745265 19.15419568]
 [34.22987925  6.22414966]
 [52.49075779 21.48147308]
 [52.49311424 39.8118122 ]
 [52.32683526 58.14124263]
 [57.49595179 76.47489938]
[59.         82.75      ]
 [59.         81.25      ]
 [59.         80.        ]
 [59.30478164 77.95262807]
 [60.39766174 75.84337859]
 [63.04391791 72.78460308]
 [64.41227499 70.77819409]
 [64.96984357 68.75385256]
 [65.         67.75      ]
 [65.         66.25      ]