[11.5        96.5       ]
 [12.49862575 76.60118044]
 [20.37979283 56.7023607 ]
 [23.53315916 36.80349071]
 [23.54784721 16.89211182]
 [38.15995305  7.23568955]
 [40.49340047 26.89441527]
 [40.49995754 46.79174428]
 [40.49955808 66.6901688 ]
 [40.40751548 86.50818325]
[41.         94.75      ]
 [41.         93.25      ]
 [41.         92.        ]
 [40.69521836 89.95262807]
 [39.60233826 87.84337859]
 [36.95608209 84.78460308]
 [35.58772501 82.77819409]
 [35.03015643 80.75385256]
 [35.         79.75      ]
 [35.         78.25      ]