[ 7.5        96.5       ]
 [ 0.47017207 67.16857328]
 [ 2.49096667 37.84469146]
 [17.48235103 17.73356991]
 [46.82716499 15.88587109]
 [58.4939963  45.15716398]
 [58.53260226 74.48599543]
 [77.72050914 94.32329277]
 [80.49981097 64.84850029]
 [80.49686538 35.52057961]
[81.         17.        ]
 [81.         18.5       ]
 [81.         20.        ]
 [80.69521836 22.04737193]
 [79.60233826 24.15662141]
 [76.95608209 27.21539692]
 [75.58772501 29.22180591]
 [75.03015643 31.24614744]
 [75.         32.        ]
 [75.         33.5       ]