[10.5        93.5       ]
 [21.31381493 65.46662706]
 [26.50184668 37.43338818]
 [26.17965492  9.22483804]
 [53.57540267 22.63340721]
 [55.49994328 50.6668653 ]
 [55.1827494  78.70032416]
 [79.82786539 91.47441149]
 [80.5182382  63.23292505]
 [81.50134285 35.19288027]
[81.         17.        ]
 [81.         18.5       ]
 [81.         20.        ]
 [80.69521836 22.04737193]
 [79.60233826 24.15662141]
 [76.95608209 27.21539692]
 [75.58772501 29.22180591]
 [75.03015643 31.24614744]
 [75.         32.        ]
 [75.         33.5       ]