[14.5        90.5       ]
 [15.29837912 62.5       ]
 [26.51123888 34.49999759]
 [28.66409793  7.0155891 ]
 [56.83660199 25.50446022]
 [59.5        53.5       ]
 [59.29211966 81.5249258 ]
 [79.74612703 88.40816051]
 [80.49324099 60.50005688]
 [84.35140055 32.48748321]
[89.         17.        ]
 [89.         18.5       ]
 [89.         20.        ]
 [89.30478164 22.04737193]
 [90.39766174 24.15662141]
 [93.04391791 27.21539692]
 [94.41227499 29.22180591]
 [94.96984357 31.24614744]
 [95.         32.        ]
 [95.         33.5       ]