[12.5        96.5       ]
 [12.50136217 77.23253846]
 [12.88496757 57.96511405]
 [ 1.4910542  38.70506263]
 [ 5.36158405 20.98271526]
 [24.84434481  9.96091968]
 [40.55795622 13.15796895]
 [40.49991793 32.37215614]
 [40.50005014 51.6395299 ]
 [40.51386627 70.8655561 ]
[41.         82.75      ]
 [41.         81.25      ]
 [41.         80.        ]
 [40.69521836 77.95262807]
 [39.60233826 75.84337859]
 [36.95608209 72.78460308]
 [35.58772501 70.77819409]
 [35.03015643 68.75385256]
 [35.         67.75      ]
 [35.         66.25      ]