[ 6.5        94.5       ]
 [16.42372971 78.46659708]
 [20.44321637 62.43319397]
 [26.46057874 46.39980281]
 [26.4991294  30.36594566]
 [26.48236814 14.32650394]
 [36.70610128  6.96337551]
 [51.79298391 21.72569837]
 [52.33384458 37.76277001]
 [58.29086475 53.95226404]
[59.         58.75      ]
 [59.         57.25      ]
 [59.         56.        ]
 [59.30478164 53.95262807]
 [60.39766174 51.84337859]
 [63.04391791 48.78460308]
 [64.41227499 46.77819409]
 [64.96984357 44.75385256]
 [65.         43.75      ]
 [65.         42.25      ]