[ 8.5        96.5       ]
 [19.52965772 80.17010309]
 [24.94026606 63.8402064 ]
 [26.50976319 47.51030012]
 [26.50026826 31.18016876]
 [26.42990101 14.92624793]
 [36.73866424  6.7798037 ]
 [50.20145038 21.80284247]
 [50.74876039 38.1403845 ]
 [58.24344683 54.15728637]
[59.         58.75      ]
 [59.         57.25      ]
 [59.         56.        ]
 [59.30478164 53.95262807]
 [60.39766174 51.84337859]
 [63.04391791 48.78460308]
 [64.41227499 46.77819409]
 [64.96984357 44.75385256]
 [65.         43.75      ]
 [65.         42.25      ]