[ 2.5        98.5       ]
 [ 3.48106148 79.60124334]
 [ 6.60101985 60.70248624]
 [14.38288402 41.80367151]
 [14.58626469 22.90132234]
 [30.97342081  6.61367383]
 [40.42756326 18.89274716]
 [41.50776846 37.79130757]
 [41.50016486 56.69102361]
 [41.50152388 75.60031511]
[41.         82.75      ]
 [41.         81.25      ]
 [41.         80.        ]
 [40.69521836 77.95262807]
 [39.60233826 75.84337859]
 [36.95608209 72.78460308]
 [35.58772501 70.77819409]
 [35.03015643 68.75385256]
 [35.         67.75      ]
 [35.         66.25      ]