[ 7.5        97.5       ]
 [ 8.48995003 80.13358778]
 [11.26545274 62.76717562]
 [26.92372323 45.40079178]
 [26.49838246 28.03342345]
 [26.54337653 10.41331937]
 [39.96651689 10.56831332]
 [50.39328837 28.06272629]
 [50.47357967 45.43234155]
 [57.04872959 62.92128977]
[59.         70.75      ]
 [59.         69.25      ]
 [59.         68.        ]
 [59.30478164 65.95262807]
 [60.39766174 63.84337859]
 [63.04391791 60.78460308]
 [64.41227499 58.77819409]
 [64.96984357 56.75385256]
 [65.         55.75      ]
 [65.         54.25      ]