[ 5.5        98.5       ]
 [ 6.54448847 74.50000001]
 [22.7033182  50.49999384]
 [26.50452952 26.50353681]
 [32.59169403  6.2946053 ]
 [56.5        25.5       ]
 [59.49846198 49.50000007]
 [59.46969818 73.49997712]
 [71.37900048 94.89713503]
 [79.63732461 76.51942217]
[81.         65.        ]
 [81.         66.5       ]
 [81.         68.        ]
 [80.69521836 70.04737193]
 [79.60233826 72.15662141]
 [76.95608209 75.21539692]
 [75.58772501 77.22180591]
 [75.03015643 79.24614744]
 [75.         80.        ]
 [75.         81.5       ]