[12.5        92.5       ]
 [13.31883378 63.56651391]
 [26.52506976 34.6335028 ]
 [28.98341178  6.82134652]
 [57.77936038 27.23249886]
 [57.51999682 56.16742752]
 [59.84999214 85.0714403 ]
 [79.92990373 83.93667758]
 [80.43634145 55.03209859]
 [81.50076549 26.09835464]
[81.          5.        ]
 [81.          6.5       ]
 [81.          8.        ]
 [80.69521836 10.04737193]
 [79.60233826 12.15662141]
 [76.95608209 15.21539692]
 [75.58772501 17.22180591]
 [75.03015643 19.24614744]
 [75.         20.        ]
 [75.         21.5       ]