[ 1.5        92.5       ]
 [ 4.49450764 78.23226544]
 [ 4.09525229 63.96453106]
 [17.19358587 49.69678726]
 [25.49406815 35.42945333]
 [25.51533772 21.14796902]
 [27.97235615  7.19095701]
 [39.46729828 11.35651485]
 [41.3548     25.64234759]
 [41.55694848 40.06470418]
[41.         46.75      ]
 [41.         45.25      ]
 [41.         44.        ]
 [40.69521836 41.95262807]
 [39.60233826 39.84337859]
 [36.95608209 36.78460308]
 [35.58772501 34.77819409]
 [35.03015643 32.75385256]
 [35.         31.75      ]
 [35.         30.25      ]