[ 7.5        97.5       ]
 [14.51129577 78.5       ]
 [24.96860856 59.49999934]
 [26.49211852 40.49989811]
 [26.49932874 21.49026345]
 [32.5         6.5       ]
 [51.00565615 20.48805432]
 [51.49428623 39.49986752]
 [51.36525448 58.49884889]
 [57.88626233 77.37807375]
[59.         82.75      ]
 [59.         81.25      ]
 [59.         80.        ]
 [59.30478164 77.95262807]
 [60.39766174 75.84337859]
 [63.04391791 72.78460308]
 [64.41227499 70.77819409]
 [64.96984357 68.75385256]
 [65.         67.75      ]
 [65.         66.25      ]