[11.5        99.5       ]
 [12.30086459 72.03349572]
 [26.49991285 44.56699236]
 [26.57728181 17.12892046]
 [45.36597048 14.36086854]
 [59.5219491  41.8324804 ]
 [59.5013345  69.29889579]
 [70.68287693 94.90868131]
 [80.49731293 73.76735136]
 [80.49674578 46.28999863]
[81.         29.        ]
 [81.         30.5       ]
 [81.         32.        ]
 [80.69521836 34.04737193]
 [79.60233826 36.15662141]
 [76.95608209 39.21539692]
 [75.58772501 41.22180591]
 [75.03015643 43.24614744]
 [75.         44.        ]
 [75.         45.5       ]