[10.5        90.5       ]
 [16.49499692 75.23233405]
 [16.83493055 59.9646681 ]
 [24.46639897 44.69700201]
 [24.50427787 29.42934587]
 [24.26798056 14.16102994]
 [36.36891488  6.89448454]
 [40.63888777 20.35702944]
 [40.49820985 35.63909023]
 [40.45187449 51.05351102]
[41.         58.75      ]
 [41.         57.25      ]
 [41.         56.        ]
 [40.69521836 53.95262807]
 [39.60233826 51.84337859]
 [36.95608209 48.78460308]
 [35.58772501 46.77819409]
 [35.03015643 44.75385256]
 [35.         43.75      ]
 [35.         42.25      ]