[ 7.5        94.5       ]
 [ 8.50003163 79.60158014]
 [ 8.45344519 64.70316028]
 [21.19615937 49.80473941]
 [25.48794285 34.90638713]
 [25.4851981  20.00373685]
 [29.79143059  6.71340851]
 [40.47672186 13.75787478]
 [40.49428983 28.68263954]
 [41.39164558 43.88952384]
[41.         46.75      ]
 [41.         45.25      ]
 [41.         44.        ]
 [40.69521836 41.95262807]
 [39.60233826 39.84337859]
 [36.95608209 36.78460308]
 [35.58772501 34.77819409]
 [35.03015643 32.75385256]
 [35.         31.75      ]
 [35.         30.25      ]