[ 8.5        95.5       ]
 [ 9.48352386 77.13357401]
 [13.46375163 58.76714802]
 [14.49998501 40.40072208]
 [14.08712824 22.03421265]
 [31.25124808  6.10854411]
 [40.53012829 18.69492462]
 [40.4984673  37.06517255]
 [40.49977705 55.43235462]
 [40.49457407 73.82234096]
[41.         82.75      ]
 [41.         81.25      ]
 [41.         80.        ]
 [40.69521836 77.95262807]
 [39.60233826 75.84337859]
 [36.95608209 72.78460308]
 [35.58772501 70.77819409]
 [35.03015643 68.75385256]
 [35.         67.75      ]
 [35.         66.25      ]