[12.5        96.5       ]
 [13.49996961 81.46659243]
 [13.5174962  66.43318486]
 [26.54755572 51.39977691]
 [26.49877162 36.36639563]
 [26.50153093 21.33126081]
 [28.65510865  6.40702959]
 [43.6928902  12.757426  ]
 [52.52425073 27.76831431]
 [58.57672958 42.70762777]
[59.         46.75      ]
 [59.         45.25      ]
 [59.         44.        ]
 [59.30478164 41.95262807]
 [60.39766174 39.84337859]
 [63.04391791 36.78460308]
 [64.41227499 34.77819409]
 [64.96984357 32.75385256]
 [65.         31.75      ]
 [65.         30.25      ]