[ 6.5        99.5       ]
 [ 7.49779817 74.46662216]
 [25.54141934 49.43324457]
 [26.49925303 24.3995931 ]
 [35.63327141  6.54282518]
 [59.55873431 29.6667778 ]
 [59.4999331  54.70026436]
 [59.47502524 79.73607007]
 [78.64845912 93.33233706]
 [80.48671227 68.20240612]
[81.         53.        ]
 [81.         54.5       ]
 [81.         56.        ]
 [80.69521836 58.04737193]
 [79.60233826 60.15662141]
 [76.95608209 63.21539692]
 [75.58772501 65.22180591]
 [75.03015643 67.24614744]
 [75.         68.        ]
 [75.         69.5       ]