[ 4.5        97.5       ]
 [ 5.55500063 74.23267328]
 [20.0902484  50.96534084]
 [26.50097114 27.69763038]
 [30.3254535   6.65398831]
 [53.94892367 22.84423933]
 [59.50102083 46.10396598]
 [59.50042292 69.37188265]
 [66.71268099 92.41913711]
 [79.49559788 82.08615681]
[81.         65.        ]
 [81.         66.5       ]
 [81.         68.        ]
 [80.69521836 70.04737193]
 [79.60233826 72.15662141]
 [76.95608209 75.21539692]
 [75.58772501 77.22180591]
 [75.03015643 79.24614744]
 [75.         80.        ]
 [75.         81.5       ]