[11.5        99.5       ]
 [12.49798341 85.56635071]
 [12.28690736 71.63270141]
 [22.55675373 57.69905273]
 [26.50069864 43.76539088]
 [26.49944234 29.83154494]
 [26.58008847 15.92757807]
 [33.04174941  6.10932868]
 [46.95073618 16.00586606]
 [58.61481974 29.81712109]
[59.         34.75      ]
 [59.         33.25      ]
 [59.         32.        ]
 [59.30478164 29.95262807]
 [60.39766174 27.84337859]
 [63.04391791 24.78460308]
 [64.41227499 22.77819409]
 [64.96984357 20.75385256]
 [65.         19.75      ]
 [65.         18.25      ]