[14.5        92.5       ]
 [20.43427104 67.13350788]
 [26.49827108 41.76698017]
 [26.50263542 16.44085136]
 [43.98065739 13.07541162]
 [59.47276693 38.33230311]
 [59.49993779 63.69881528]
 [62.77342157 89.17582507]
 [80.03287528 83.54260933]
 [80.49669647 58.19401216]
[81.         41.        ]
 [81.         42.5       ]
 [81.         44.        ]
 [80.69521836 46.04737193]
 [79.60233826 48.15662141]
 [76.95608209 51.21539692]
 [75.58772501 53.22180591]
 [75.03015643 55.24614744]
 [75.         56.        ]
 [75.         57.5       ]