[ 8.5        94.5       ]
 [ 8.49996566 79.17032961]
 [ 8.50380883 63.84066654]
 [ 8.17375783 48.51040188]
 [ 6.54569612 33.22303402]
 [13.26139878 21.46159384]
 [28.44839451  7.38886787]
 [40.15738569 12.80641294]
 [40.49963189 28.14258411]
 [40.80461804 42.87261893]
[41.         46.75      ]
 [41.         45.25      ]
 [41.         44.        ]
 [40.69521836 41.95262807]
 [39.60233826 39.84337859]
 [36.95608209 36.78460308]
 [35.58772501 34.77819409]
 [35.03015643 32.75385256]
 [35.         31.75      ]
 [35.         30.25      ]