[10.5        94.5       ]
 [11.48971212 77.16990292]
 [14.2110557  59.83980575]
 [26.60340753 42.50967468]
 [26.50322088 25.18100849]
 [27.41423647  8.21018056]
 [42.63139899 13.43409183]
 [53.40787902 30.81014109]
 [55.30945487 48.13942784]
 [57.90751941 65.35349685]
[59.         70.75      ]
 [59.         69.25      ]
 [59.         68.        ]
 [59.30478164 65.95262807]
 [60.39766174 63.84337859]
 [63.04391791 60.78460308]
 [64.41227499 58.77819409]
 [64.96984357 56.75385256]
 [65.         55.75      ]
 [65.         54.25      ]