[ 5.5        97.5       ]
 [21.26604668 69.03348997]
 [26.5017778  40.56688111]
 [26.49725416 12.05137654]
 [51.54548797 20.35232801]
 [54.50049712 48.83254178]
 [54.49713534 77.30160761]
 [79.17817291 92.10753815]
 [80.39284985 63.76777425]
 [81.50229418 35.29503623]
[81.         17.        ]
 [81.         18.5       ]
 [81.         20.        ]
 [80.69521836 22.04737193]
 [79.60233826 24.15662141]
 [76.95608209 27.21539692]
 [75.58772501 29.22180591]
 [75.03015643 31.24614744]
 [75.         32.        ]
 [75.         33.5       ]