[ 4.5        98.5       ]
 [ 5.4945269  82.03360489]
 [ 6.88099769 65.56720989]
 [22.95523235 49.10081116]
 [26.510318   32.63402172]
 [26.59907111 16.22353415]
 [35.46819677  6.17079   ]
 [40.49624004 20.76475209]
 [40.50095933 37.22690372]
 [40.44723891 54.01585984]
[41.         58.75      ]
 [41.         57.25      ]
 [41.         56.        ]
 [40.69521836 53.95262807]
 [39.60233826 51.84337859]
 [36.95608209 48.78460308]
 [35.58772501 46.77819409]
 [35.03015643 44.75385256]
 [35.         43.75      ]
 [35.         42.25      ]