[11.5        93.5       ]
 [14.46346759 68.23272491]
 [25.47872429 42.96543309]
 [26.53330501 17.71716627]
 [42.57898604 11.56810198]
 [59.44798906 36.83637702]
 [59.49867232 62.10364952]
 [60.93934296 87.37181919]
 [79.80274328 85.30025804]
 [80.40599564 60.09287811]
[81.         41.        ]
 [81.         42.5       ]
 [81.         44.        ]
 [80.69521836 46.04737193]
 [79.60233826 48.15662141]
 [76.95608209 51.21539692]
 [75.58772501 53.22180591]
 [75.03015643 55.24614744]
 [75.         56.        ]
 [75.         57.5       ]