[14.5        90.5       ]
 [15.49064769 73.60139165]
 [17.59611202 56.70278331]
 [21.51047693 39.80417538]
 [21.55249356 22.90548484]
 [28.99057133  6.73479841]
 [39.63926087 14.95019129]
 [40.3998665  31.78939799]
 [41.50155504 48.68838036]
 [41.54321685 65.91488757]
[41.         70.75      ]
 [41.         69.25      ]
 [41.         68.        ]
 [40.69521836 65.95262807]
 [39.60233826 63.84337859]
 [36.95608209 60.78460308]
 [35.58772501 58.77819409]
 [35.03015643 56.75385256]
 [35.         55.75      ]
 [35.         54.25      ]