[14.5        99.5       ]
 [21.50255156 79.56644518]
 [25.50689455 59.63289033]
 [25.50001994 39.69932611]
 [25.49130904 19.76339643]
 [35.1788107   6.40309777]
 [51.50278354 24.10014867]
 [51.49998928 44.03487599]
 [51.4933409  63.96832563]
 [55.19239576 83.87798283]
[59.         94.75      ]
 [59.         93.25      ]
 [59.         92.        ]
 [59.30478164 89.95262807]
 [60.39766174 87.84337859]
 [63.04391791 84.78460308]
 [64.41227499 82.77819409]
 [64.96984357 80.75385256]
 [65.         79.75      ]
 [65.         78.25      ]