[ 1.5        91.5       ]
 [ 2.49150061 66.03350858]
 [17.3846768  40.56696005]
 [26.43528807 15.16461281]
 [45.38696594 14.45914957]
 [59.50156864 39.83233362]
 [59.50190696 65.29863379]
 [64.62907557 90.99633466]
 [80.52624075 81.76792311]
 [80.49732603 56.29220634]
[81.         41.        ]
 [81.         42.5       ]
 [81.         44.        ]
 [80.69521836 46.04737193]
 [79.60233826 48.15662141]
 [76.95608209 51.21539692]
 [75.58772501 53.22180591]
 [75.03015643 55.24614744]
 [75.         56.        ]
 [75.         57.5       ]