[ 6.5        90.5       ]
 [16.47148368 75.23233405]
 [19.01060461 59.9646681 ]
 [23.52414071 44.69700201]
 [23.49970076 29.42934587]
 [23.50233551 14.16102994]
 [36.37650495  6.89448454]
 [40.63873889 20.35702944]
 [40.49821268 35.63909023]
 [40.45187444 51.05351102]
[41.         58.75      ]
 [41.         57.25      ]
 [41.         56.        ]
 [40.69521836 53.95262807]
 [39.60233826 51.84337859]
 [36.95608209 48.78460308]
 [35.58772501 46.77819409]
 [35.03015643 44.75385256]
 [35.         43.75      ]
 [35.         42.25      ]