[ 4.5        97.5       ]
 [ 5.50169244 78.5       ]
 [ 9.24071314 59.49999934]
 [26.92267336 40.49989811]
 [26.50156354 21.49026345]
 [32.5         6.5       ]
 [48.19305681 20.48805432]
 [48.49974871 39.49986752]
 [49.04480499 58.49884889]
 [57.8891494  77.37807375]
[59.         82.75      ]
 [59.         81.25      ]
 [59.         80.        ]
 [59.30478164 77.95262807]
 [60.39766174 75.84337859]
 [63.04391791 72.78460308]
 [64.41227499 70.77819409]
 [64.96984357 68.75385256]
 [65.         67.75      ]
 [65.         66.25      ]