[ 5.5        91.5       ]
 [ 8.1625277  62.46662848]
 [26.11201344 33.43384599]
 [30.39162554  6.08327994]
 [58.86553228 28.63194508]
 [58.52235272 57.6668631 ]
 [60.94881828 86.65680677]
 [80.53675974 82.26617117]
 [80.5000175  53.23302387]
 [80.49803134 24.19568464]
[81.          5.        ]
 [81.          6.5       ]
 [81.          8.        ]
 [80.69521836 10.04737193]
 [79.60233826 12.15662141]
 [76.95608209 15.21539692]
 [75.58772501 17.22180591]
 [75.03015643 19.24614744]
 [75.         20.        ]
 [75.         21.5       ]