[13.5        90.5       ]
 [19.0740826  61.70092379]
 [26.49772675 32.9018417 ]
 [30.80173075  6.14422502]
 [57.54512857 28.69604688]
 [57.50035811 57.49535393]
 [59.92578891 86.20296752]
 [80.57868241 82.93646215]
 [80.48508394 54.10739416]
 [81.49864682 25.31083916]
[81.          5.        ]
 [81.          6.5       ]
 [81.          8.        ]
 [80.69521836 10.04737193]
 [79.60233826 12.15662141]
 [76.95608209 15.21539692]
 [75.58772501 17.22180591]
 [75.03015643 19.24614744]
 [75.         20.        ]
 [75.         21.5       ]