[ 2.5        91.5       ]
 [ 3.46619443 66.16887442]
 [ 7.50089729 40.83737118]
 [ 9.23950424 15.96659105]
 [34.825773    6.61131121]
 [59.22323004 29.15386046]
 [59.5000784  54.48673931]
 [59.41026871 79.83269242]
 [78.39213114 92.74305214]
 [84.81139603 67.50410154]
[89.         53.        ]
 [89.         54.5       ]
 [89.         56.        ]
 [89.30478164 58.04737193]
 [90.39766174 60.15662141]
 [93.04391791 63.21539692]
 [94.41227499 65.22180591]
 [94.96984357 67.24614744]
 [95.         68.        ]
 [95.         69.5       ]