[14.5        92.5       ]
 [21.49384645 73.03356283]
 [21.49993092 53.56712771]
 [21.49986121 34.10115928]
 [21.66120881 14.72644198]
 [38.74011242  8.42087378]
 [40.50580215 28.29642815]
 [40.50002644 47.76505424]
 [40.49992503 67.23195029]
 [40.49649032 86.71910967]
[41.         94.75      ]
 [41.         93.25      ]
 [41.         92.        ]
 [40.69521836 89.95262807]
 [39.60233826 87.84337859]
 [36.95608209 84.78460308]
 [35.58772501 82.77819409]
 [35.03015643 80.75385256]
 [35.         79.75      ]
 [35.         78.25      ]