[10.5        95.5       ]
 [22.11719425 66.03348468]
 [26.50104578 36.56697073]
 [28.20884189  7.41913919]
 [56.02772487 26.36979254]
 [56.49989122 55.83254744]
 [58.97917497 85.23200677]
 [80.57285603 83.26214449]
 [80.4997787  53.76788348]
 [82.58993642 24.3004684 ]
[89.          5.        ]
 [89.          6.5       ]
 [89.          8.        ]
 [89.30478164 10.04737193]
 [90.39766174 12.15662141]
 [93.04391791 15.21539692]
 [94.41227499 17.22180591]
 [94.96984357 19.24614744]
 [95.         20.        ]
 [95.         21.5       ]