[ 2.5        99.5       ]
 [ 3.5001571  84.60158014]
 [ 3.44093288 69.70316018]
 [ 8.51357899 54.80474711]
 [ 8.49873876 39.90587338]
 [ 8.55657797 25.03586335]
 [17.9172378  16.79555176]
 [32.72377366  6.39715529]
 [41.23960088 16.71066248]
 [41.54575589 31.88890749]
[41.         34.75      ]
 [41.         33.25      ]
 [41.         32.        ]
 [40.69521836 29.95262807]
 [39.60233826 27.84337859]
 [36.95608209 24.78460308]
 [35.58772501 22.77819409]
 [35.03015643 20.75385256]
 [35.         19.75      ]
 [35.         18.25      ]