[ 8.5        97.5       ]
 [ 9.49015292 78.5       ]
 [15.62862439 59.49999934]
 [19.50591502 40.49989811]
 [19.41882528 21.49026345]
 [32.5         6.5       ]
 [40.53146127 20.48805432]
 [40.50033455 39.49986752]
 [40.50082173 58.49884889]
 [40.58232246 77.37807375]
[41.         82.75      ]
 [41.         81.25      ]
 [41.         80.        ]
 [40.69521836 77.95262807]
 [39.60233826 75.84337859]
 [36.95608209 72.78460308]
 [35.58772501 70.77819409]
 [35.03015643 68.75385256]
 [35.         67.75      ]
 [35.         66.25      ]