[ 5.5        90.5       ]
 [ 5.48598216 71.16956522]
 [13.16565174 51.83913041]
 [23.43236621 32.50868949]
 [23.57951166 13.17719621]
 [41.16817102  9.92305194]
 [56.58087571 29.48165677]
 [56.50017011 48.81304063]
 [56.50045691 68.14362201]
 [57.19832552 87.53549037]
[59.         94.75      ]
 [59.         93.25      ]
 [59.         92.        ]
 [59.30478164 89.95262807]
 [60.39766174 87.84337859]
 [63.04391791 84.78460308]
 [64.41227499 82.77819409]
 [64.96984357 80.75385256]
 [65.         79.75      ]
 [65.         78.25      ]