[ 2.5        96.5       ]
 [ 5.49358619 80.17010309]
 [ 7.77368405 63.8402064 ]
 [24.74928644 47.51030012]
 [26.50009296 31.18016876]
 [26.42981043 14.92624793]
 [36.74653082  6.7798037 ]
 [49.30318471 21.80284247]
 [50.81406213 38.1403845 ]
 [58.2413325  54.15728637]
[59.         58.75      ]
 [59.         57.25      ]
 [59.         56.        ]
 [59.30478164 53.95262807]
 [60.39766174 51.84337859]
 [63.04391791 48.78460308]
 [64.41227499 46.77819409]
 [64.96984357 44.75385256]
 [65.         43.75      ]
 [65.         42.25      ]