[10.5        93.5       ]
 [13.49810601 77.70168067]
 [14.67615908 61.90336106]
 [22.42666417 46.10506293]
 [22.50720929 30.30552753]
 [22.24188666 14.55863471]
 [36.31963313  6.42000938]
 [40.46897423 21.08821285]
 [41.47255281 36.88315038]
 [41.54550453 52.95614529]
[41.         58.75      ]
 [41.         57.25      ]
 [41.         56.        ]
 [40.69521836 53.95262807]
 [39.60233826 51.84337859]
 [36.95608209 48.78460308]
 [35.58772501 46.77819409]
 [35.03015643 44.75385256]
 [35.         43.75      ]
 [35.         42.25      ]