[ 7.5        90.5       ]
 [ 7.49986469 76.17058833]
 [ 7.51051174 61.84116921]
 [ 6.48545125 47.51217055]
 [ 3.5394081  33.16357343]
 [ 5.83345321 19.72288347]
 [20.4813384  14.51858395]
 [34.80554974  6.5680561 ]
 [49.12066876 18.14529052]
 [58.82664377 31.48540237]
[59.         34.75      ]
 [59.         33.25      ]
 [59.         32.        ]
 [59.30478164 29.95262807]
 [60.39766174 27.84337859]
 [63.04391791 24.78460308]
 [64.41227499 22.77819409]
 [64.96984357 20.75385256]
 [65.         19.75      ]
 [65.         18.25      ]