[ 6.5        96.5       ]
 [13.56516001 83.03366584]
 [13.92837503 69.56733163]
 [25.66566689 56.10099793]
 [25.42040985 42.63469958]
 [26.47335574 29.16637657]
 [26.46951646 15.7365395 ]
 [32.7059361   6.38130282]
 [46.26006002  6.57242382]
 [58.97974934  8.4406969 ]
[59.          5.        ]
 [59.          6.5       ]
 [59.          8.        ]
 [59.30478164 10.04737193]
 [60.39766174 12.15662141]
 [63.04391791 15.21539692]
 [64.41227499 17.22180591]
 [64.96984357 19.24614744]
 [65.         20.        ]
 [65.         21.5       ]