[ 9.5        96.5       ]
 [10.28950692 68.26886787]
 [26.44589468 40.03764321]
 [26.46711444 11.84357283]
 [51.31042861 20.40413913]
 [58.50186699 48.65565517]
 [58.53222813 76.88421864]
 [78.36700471 92.76990022]
 [80.46513619 64.65093989]
 [81.49848577 36.42373484]
[81.         17.        ]
 [81.         18.5       ]
 [81.         20.        ]
 [80.69521836 22.04737193]
 [79.60233826 24.15662141]
 [76.95608209 27.21539692]
 [75.58772501 29.22180591]
 [75.03015643 31.24614744]
 [75.         32.        ]
 [75.         33.5       ]