[ 6.5        99.5       ]
 [ 7.4884661  80.70141343]
 [13.0263428  61.90282664]
 [26.49369483 43.10421613]
 [26.49854263 24.3051079 ]
 [29.47062494  6.87700095]
 [47.73334078 17.31834272]
 [49.49122977 36.0902692 ]
 [49.46200917 54.8889181 ]
 [56.14020157 73.62700526]
[59.         82.75      ]
 [59.         81.25      ]
 [59.         80.        ]
 [59.30478164 77.95262807]
 [60.39766174 75.84337859]
 [63.04391791 72.78460308]
 [64.41227499 70.77819409]
 [64.96984357 68.75385256]
 [65.         67.75      ]
 [65.         66.25      ]