[ 4.5        95.5       ]
 [18.76609755 69.60090556]
 [26.49122965 43.70181081]
 [26.55438783 17.80302741]
 [43.08455722 11.96578716]
 [59.47922921 37.99553061]
 [59.50054088 63.89449978]
 [63.70951082 89.97308547]
 [80.57929429 82.33738925]
 [80.53255988 56.38894874]
[81.         41.        ]
 [81.         42.5       ]
 [81.         44.        ]
 [80.69521836 46.04737193]
 [79.60233826 48.15662141]
 [76.95608209 51.21539692]
 [75.58772501 53.22180591]
 [75.03015643 55.24614744]
 [75.         56.        ]
 [75.         57.5       ]