[ 7.5        92.5       ]
 [ 8.29659652 64.70095711]
 [26.43534443 36.90201965]
 [26.79112175  8.76189879]
 [53.28468789 22.70342035]
 [54.50019842 50.49521336]
 [54.52980299 78.30027628]
 [79.33912753 91.84292187]
 [80.49760284 64.10749726]
 [80.49975661 36.30775314]
[81.         17.        ]
 [81.         18.5       ]
 [81.         20.        ]
 [80.69521836 22.04737193]
 [79.60233826 24.15662141]
 [76.95608209 27.21539692]
 [75.58772501 29.22180591]
 [75.03015643 31.24614744]
 [75.         32.        ]
 [75.         33.5       ]