[ 5.5        90.5       ]
 [18.54180898 77.17088608]
 [20.1483854  63.84177215]
 [26.501387   50.51265823]
 [26.49579769 37.18354595]
 [26.48979769 23.85437322]
 [26.49357403 10.52528089]
 [38.24534608  7.5113063 ]
 [39.46829357 20.10322411]
 [40.99888849 31.98350117]
[41.         34.75      ]
 [41.         33.25      ]
 [41.         32.        ]
 [40.69521836 29.95262807]
 [39.60233826 27.84337859]
 [36.95608209 24.78460308]
 [35.58772501 22.77819409]
 [35.03015643 20.75385256]
 [35.         19.75      ]
 [35.         18.25      ]