[ 3.5        90.5       ]
 [ 4.49954638 76.03364269]
 [ 4.32554905 61.56728538]
 [15.91821469 47.10092819]
 [26.76350814 32.63456466]
 [26.54390545 18.16849944]
 [31.208658    6.11023697]
 [45.30213017 14.82063331]
 [54.51198851 29.2363757 ]
 [58.54707048 43.61826733]
[59.         46.75      ]
 [59.         45.25      ]
 [59.         44.        ]
 [59.30478164 41.95262807]
 [60.39766174 39.84337859]
 [63.04391791 36.78460308]
 [64.41227499 34.77819409]
 [64.96984357 32.75385256]
 [65.         31.75      ]
 [65.         30.25      ]