[ 3.5        92.5       ]
 [ 4.49585608 79.03366583]
 [ 4.33927827 65.56733181]
 [12.91031141 52.1009962 ]
 [25.92379879 38.63455258]
 [26.52205344 25.17429704]
 [26.50145823 11.59641489]
 [36.92726456  6.22148063]
 [39.36611107 19.22615665]
 [40.57521659 32.08114894]
[41.         34.75      ]
 [41.         33.25      ]
 [41.         32.        ]
 [40.69521836 29.95262807]
 [39.60233826 27.84337859]
 [36.95608209 24.78460308]
 [35.58772501 22.77819409]
 [35.03015643 20.75385256]
 [35.         19.75      ]
 [35.         18.25      ]