[ 8.5        96.5       ]
 [22.77779935 78.23249551]
 [24.4468288  59.96499052]
 [24.47669835 41.6974957 ]
 [25.49042429 23.43819122]
 [29.69374407  6.10932633]
 [40.44284986 17.11801774]
 [40.49825329 35.37293577]
 [40.49986802 53.64040604]
 [40.50794637 71.8837014 ]
[41.         82.75      ]
 [41.         81.25      ]
 [41.         80.        ]
 [40.69521836 77.95262807]
 [39.60233826 75.84337859]
 [36.95608209 72.78460308]
 [35.58772501 70.77819409]
 [35.03015643 68.75385256]
 [35.         67.75      ]
 [35.         66.25      ]