[ 9.5        91.5       ]
 [15.49426541 73.56642068]
 [15.49994739 55.63284234]
 [15.50357111 37.69912238]
 [16.17006459 19.74437978]
 [33.13492323  6.45304196]
 [40.62692599 20.07878225]
 [41.48532971 38.03498561]
 [41.50059921 55.96942867]
 [41.5296922  73.99128267]
[41.         82.75      ]
 [41.         81.25      ]
 [41.         80.        ]
 [40.69521836 77.95262807]
 [39.60233826 75.84337859]
 [36.95608209 72.78460308]
 [35.58772501 70.77819409]
 [35.03015643 68.75385256]
 [35.         67.75      ]
 [35.         66.25      ]