[ 2.5        93.5       ]
 [ 5.18045611 66.60087182]
 [26.49578979 39.7016674 ]
 [26.38898765 12.74194321]
 [49.04110954 18.09680502]
 [58.5013314  44.99564126]
 [58.49918288 71.89475675]
 [72.65766018 94.81803113]
 [80.50160387 72.30722952]
 [81.4744298  45.3920919 ]
[81.         29.        ]
 [81.         30.5       ]
 [81.         32.        ]
 [80.69521836 34.04737193]
 [79.60233826 36.15662141]
 [76.95608209 39.21539692]
 [75.58772501 41.22180591]
 [75.03015643 43.24614744]
 [75.         44.        ]
 [75.         45.5       ]