[ 4.5        92.5       ]
 [22.35950287 73.03356283]
 [23.48620734 53.56712771]
 [23.49827809 34.10115928]
 [23.18419354 14.72644198]
 [39.39242717  8.42087378]
 [52.4681316  28.29642815]
 [57.98811897 47.76505424]
 [57.5023176  67.23195029]
 [57.52322904 86.71910967]
[59.         94.75      ]
 [59.         93.25      ]
 [59.         92.        ]
 [59.30478164 89.95262807]
 [60.39766174 87.84337859]
 [63.04391791 84.78460308]
 [64.41227499 82.77819409]
 [64.96984357 80.75385256]
 [65.         79.75      ]
 [65.         78.25      ]