[ 5.5        90.5       ]
 [ 6.49218847 73.60139165]
 [ 8.50252958 56.70278331]
 [24.98533781 39.80417538]
 [26.49231359 22.90548484]
 [29.06454335  6.73479841]
 [45.86221038 14.95019129]
 [56.56978622 31.78939799]
 [56.50089287 48.68838036]
 [58.45523674 65.91488757]
[59.         70.75      ]
 [59.         69.25      ]
 [59.         68.        ]
 [59.30478164 65.95262807]
 [60.39766174 63.84337859]
 [63.04391791 60.78460308]
 [64.41227499 58.77819409]
 [64.96984357 56.75385256]
 [65.         55.75      ]
 [65.         54.25      ]