[12.5        94.5       ]
 [18.29363366 81.23218673]
 [18.22569755 67.9643735 ]
 [26.45581997 54.69656038]
 [26.50973171 41.42870372]
 [26.50304256 28.16213551]
 [26.53419022 14.90568128]
 [33.37255958  6.11801154]
 [39.45424194 15.67464866]
 [41.34991648 28.99945419]
[41.         34.75      ]
 [41.         33.25      ]
 [41.         32.        ]
 [40.69521836 29.95262807]
 [39.60233826 27.84337859]
 [36.95608209 24.78460308]
 [35.58772501 22.77819409]
 [35.03015643 20.75385256]
 [35.         19.75      ]
 [35.         18.25      ]