[ 7.5        92.5       ]
 [14.4936004  62.56651845]
 [ 2.49790443 32.63095775]
 [22.30099201 12.72626633]
 [52.23218666 21.23114165]
 [56.50014832 51.16740553]
 [56.37091876 81.10429582]
 [79.50308433 86.98512044]
 [80.50017264 57.03215923]
 [81.3078106  27.09895718]
[89.          5.        ]
 [89.          6.5       ]
 [89.          8.        ]
 [89.30478164 10.04737193]
 [90.39766174 12.15662141]
 [93.04391791 15.21539692]
 [94.41227499 17.22180591]
 [94.96984357 19.24614744]
 [95.         20.        ]
 [95.         21.5       ]