[ 0.5        92.5       ]
 [ 1.49912785 77.03362259]
 [ 1.79947321 61.56724209]
 [ 8.4130169  46.10111197]
 [ 8.5005674  30.6176235 ]
 [11.52544882 16.6244712 ]
 [27.33549977  7.8090485 ]
 [39.68847702 11.60429448]
 [40.48219316 27.22769778]
 [40.46324788 42.92042678]
[41.         46.75      ]
 [41.         45.25      ]
 [41.         44.        ]
 [40.69521836 41.95262807]
 [39.60233826 39.84337859]
 [36.95608209 36.78460308]
 [35.58772501 34.77819409]
 [35.03015643 32.75385256]
 [35.         31.75      ]
 [35.         30.25      ]