[ 0.5        91.5       ]
 [ 1.49995103 60.70086398]
 [ 1.4903438  29.90203345]
 [16.89055967 12.57098044]
 [48.0132186  16.74221908]
 [50.50010068 47.49568753]
 [52.34887017 78.29331435]
 [79.64669654 88.84177718]
 [80.4998955  58.10687237]
 [80.50086716 27.31083949]
[81.          5.        ]
 [81.          6.5       ]
 [81.          8.        ]
 [80.69521836 10.04737193]
 [79.60233826 12.15662141]
 [76.95608209 15.21539692]
 [75.58772501 17.22180591]
 [75.03015643 19.24614744]
 [75.         20.        ]
 [75.         21.5       ]