[ 9.5        90.5       ]
 [10.49271955 71.16956522]
 [17.42744505 51.83913041]
 [20.48233402 32.50868949]
 [21.94552942 13.17719621]
 [39.84906798  9.92305194]
 [40.6693371  29.48165677]
 [41.4993333  48.81304063]
 [41.50010727 68.14362201]
 [41.54387393 87.53549037]
[41.         94.75      ]
 [41.         93.25      ]
 [41.         92.        ]
 [40.69521836 89.95262807]
 [39.60233826 87.84337859]
 [36.95608209 84.78460308]
 [35.58772501 82.77819409]
 [35.03015643 80.75385256]
 [35.         79.75      ]
 [35.         78.25      ]