[ 5.5        90.5       ]
 [13.51365949 61.13347613]
 [ 6.55279203 31.73363528]
 [26.60247297  7.98109162]
 [55.37517976 24.97235143]
 [56.50014016 54.33256479]
 [57.32214968 83.66950031]
 [80.52787413 84.93421552]
 [80.50000197 55.56787337]
 [81.21324717 26.20266265]
[89.          5.        ]
 [89.          6.5       ]
 [89.          8.        ]
 [89.30478164 10.04737193]
 [90.39766174 12.15662141]
 [93.04391791 15.21539692]
 [94.41227499 17.22180591]
 [94.96984357 19.24614744]
 [95.         20.        ]
 [95.         21.5       ]