[14.5        91.5       ]
 [15.49305061 74.70158104]
 [17.3286061  57.90316129]
 [26.47816588 41.10472105]
 [26.49466567 24.31332807]
 [27.83053367  7.16359623]
 [43.22794065 13.35502513]
 [57.87471425 30.08726797]
 [59.3126588  46.88830589]
 [59.52114805 63.83560761]
[59.         70.75      ]
 [59.         69.25      ]
 [59.         68.        ]
 [59.30478164 65.95262807]
 [60.39766174 63.84337859]
 [63.04391791 60.78460308]
 [64.41227499 58.77819409]
 [64.96984357 56.75385256]
 [65.         55.75      ]
 [65.         54.25      ]