[ 8.5        96.5       ]
 [ 9.49922671 76.60118044]
 [10.50731037 56.7023607 ]
 [10.49524126 36.80349071]
 [18.08145503 16.89211182]
 [38.16543858  7.23568955]
 [40.49343508 26.89441527]
 [40.49995775 46.79174428]
 [40.49955809 66.6901688 ]
 [40.40751548 86.50818325]
[41.         94.75      ]
 [41.         93.25      ]
 [41.         92.        ]
 [40.69521836 89.95262807]
 [39.60233826 87.84337859]
 [36.95608209 84.78460308]
 [35.58772501 82.77819409]
 [35.03015643 80.75385256]
 [35.         79.75      ]
 [35.         78.25      ]