[13.5        96.5       ]
 [14.49775199 82.60169492]
 [14.29407384 68.70338977]
 [24.19844745 54.80508681]
 [26.51253083 40.9067452 ]
 [26.50132592 27.00738066]
 [26.39411929 13.22238381]
 [36.12547343  6.68586765]
 [39.40093316 18.67794858]
 [41.48895556 32.54385064]
[41.         34.75      ]
 [41.         33.25      ]
 [41.         32.        ]
 [40.69521836 29.95262807]
 [39.60233826 27.84337859]
 [36.95608209 24.78460308]
 [35.58772501 22.77819409]
 [35.03015643 20.75385256]
 [35.         19.75      ]
 [35.         18.25      ]