[ 2.5        90.5       ]
 [19.08139532 72.46660482]
 [19.49838345 54.43320963]
 [19.49837091 36.39981572]
 [19.14703883 18.36668715]
 [34.69365925  6.53688716]
 [40.62830404 21.68836335]
 [41.474765   39.73367763]
 [41.50032856 57.76797012]
 [41.54670797 76.0115087 ]
[41.         82.75      ]
 [41.         81.25      ]
 [41.         80.        ]
 [40.69521836 77.95262807]
 [39.60233826 75.84337859]
 [36.95608209 72.78460308]
 [35.58772501 70.77819409]
 [35.03015643 68.75385256]
 [35.         67.75      ]
 [35.         66.25      ]