[ 7.5        97.5       ]
 [ 8.49586202 81.2704918 ]
 [ 9.57092042 65.04098377]
 [25.5755596  48.81146691]
 [26.500815   32.58201222]
 [26.50109542 16.39471316]
 [35.14570668  6.12178557]
 [49.53977485 20.08942538]
 [51.38761357 36.33647215]
 [57.8840036  52.73245554]
[59.         58.75      ]
 [59.         57.25      ]
 [59.         56.        ]
 [59.30478164 53.95262807]
 [60.39766174 51.84337859]
 [63.04391791 48.78460308]
 [64.41227499 46.77819409]
 [64.96984357 44.75385256]
 [65.         43.75      ]
 [65.         42.25      ]