[ 8.5        92.5       ]
 [ 9.53784023 68.26923074]
 [25.64732476 44.03849502]
 [26.4998797  19.78352578]
 [39.39721017  7.99632766]
 [59.58825929 32.6543575 ]
 [59.49994884 56.88462091]
 [59.50237539 81.11868746]
 [78.94154544 92.43058462]
 [83.68093149 68.40436964]
[89.         53.        ]
 [89.         54.5       ]
 [89.         56.        ]
 [89.30478164 58.04737193]
 [90.39766174 60.15662141]
 [93.04391791 63.21539692]
 [94.41227499 65.22180591]
 [94.96984357 67.24614744]
 [95.         68.        ]
 [95.         69.5       ]