[ 9.5        92.5       ]
 [17.49879032 72.56644519]
 [17.49913043 52.63289193]
 [ 7.47701319 32.69977933]
 [15.22486641 18.55905926]
 [35.17293277  6.40285825]
 [41.51432006 24.10014717]
 [41.50008723 44.03487599]
 [41.4999629  63.96832563]
 [41.49199649 83.87798283]
[41.         94.75      ]
 [41.         93.25      ]
 [41.         92.        ]
 [40.69521836 89.95262807]
 [39.60233826 87.84337859]
 [36.95608209 84.78460308]
 [35.58772501 82.77819409]
 [35.03015643 80.75385256]
 [35.         79.75      ]
 [35.         78.25      ]