[ 6.5        99.5       ]
 [ 7.49511599 83.13360324]
 [ 8.74509881 66.76720654]
 [24.83591659 50.40080738]
 [26.4995129  34.03431251]
 [26.56084371 17.69091357]
 [33.80209366  6.13993318]
 [49.25766289 19.06961552]
 [49.9056684  35.4296431 ]
 [58.34336854 52.00832674]
[59.         58.75      ]
 [59.         57.25      ]
 [59.         56.        ]
 [59.30478164 53.95262807]
 [60.39766174 51.84337859]
 [63.04391791 48.78460308]
 [64.41227499 46.77819409]
 [64.96984357 44.75385256]
 [65.         43.75      ]
 [65.         42.25      ]