[12.5        94.5       ]
 [13.49508353 81.23218673]
 [13.36600368 67.9643735 ]
 [21.27216844 54.69656038]
 [26.4140306  41.42870372]
 [26.50526779 28.16213551]
 [26.53420871 14.90568128]
 [33.37325077  6.11801154]
 [39.43780139 15.67464866]
 [40.3799703  28.99945419]
[41.         34.75      ]
 [41.         33.25      ]
 [41.         32.        ]
 [40.69521836 29.95262807]
 [39.60233826 27.84337859]
 [36.95608209 24.78460308]
 [35.58772501 22.77819409]
 [35.03015643 20.75385256]
 [35.         19.75      ]
 [35.         18.25      ]