[ 3.5        99.5       ]
 [ 3.45742865 81.70149265]
 [-0.63178896 63.90298982]
 [ 9.20722932 46.10337675]
 [ 9.34825722 28.20287779]
 [22.48900235 12.57698692]
 [39.69821376  8.94380638]
 [44.39978939 27.0905293 ]
 [58.37161842 44.88958248]
 [58.49671865 62.7064613 ]
[59.         70.75      ]
 [59.         69.25      ]
 [59.         68.        ]
 [59.30478164 65.95262807]
 [60.39766174 63.84337859]
 [63.04391791 60.78460308]
 [64.41227499 58.77819409]
 [64.96984357 56.75385256]
 [65.         55.75      ]
 [65.         54.25      ]