[ 8.5        96.5       ]
 [ 9.4874926  78.23249551]
 [13.93738992 59.96499052]
 [26.5211366  41.6974957 ]
 [26.49367505 23.43819122]
 [29.6136874   6.10932633]
 [46.02961623 17.11801774]
 [51.52360325 35.37293577]
 [51.41968565 53.64040604]
 [59.59063548 71.8837014 ]
[59.         82.75      ]
 [59.         81.25      ]
 [59.         80.        ]
 [59.30478164 77.95262807]
 [60.39766174 75.84337859]
 [63.04391791 72.78460308]
 [64.41227499 70.77819409]
 [64.96984357 68.75385256]
 [65.         67.75      ]
 [65.         66.25      ]