[14.5        96.5       ]
 [15.43872203 70.70103091]
 [26.4469003  44.90208902]
 [26.52483132 19.07526231]
 [41.67892871 10.4448579 ]
 [59.49761522 36.49503364]
 [59.49988316 62.29383377]
 [61.97725108 88.14342282]
 [80.54887265 84.10795597]
 [80.49669467 58.29784932]
[81.         41.        ]
 [81.         42.5       ]
 [81.         44.        ]
 [80.69521836 46.04737193]
 [79.60233826 48.15662141]
 [76.95608209 51.21539692]
 [75.58772501 53.22180591]
 [75.03015643 55.24614744]
 [75.         56.        ]
 [75.         57.5       ]