[ 3.5        94.5       ]
 [ 4.39277682 66.2688673 ]
 [ 5.50046266 38.03674805]
 [11.15979381 13.50913069]
 [39.42042644  8.49301488]
 [58.47633989 36.65565918]
 [58.49994783 64.8867915 ]
 [67.225981   92.97011932]
 [80.47311851 76.64769687]
 [80.49333655 48.42373703]
[81.         29.        ]
 [81.         30.5       ]
 [81.         32.        ]
 [80.69521836 34.04737193]
 [79.60233826 36.15662141]
 [76.95608209 39.21539692]
 [75.58772501 41.22180591]
 [75.03015643 43.24614744]
 [75.         44.        ]
 [75.         45.5       ]