[ 1.5        98.5       ]
 [ 4.50014792 83.17032967]
 [ 4.89915005 67.84065937]
 [20.61775349 52.51098663]
 [25.5013723  37.18148759]
 [25.49930849 21.84061027]
 [28.13526012  7.38735132]
 [40.06767004 12.80644121]
 [41.48094629 28.1425836 ]
 [41.19571577 42.87261893]
[41.         46.75      ]
 [41.         45.25      ]
 [41.         44.        ]
 [40.69521836 41.95262807]
 [39.60233826 39.84337859]
 [36.95608209 36.78460308]
 [35.58772501 34.77819409]
 [35.03015643 32.75385256]
 [35.         31.75      ]
 [35.         30.25      ]