[ 6.5        93.5       ]
 [ 7.49160517 76.56640626]
 [ 9.57967451 59.63281212]
 [21.49728342 42.69919256]
 [21.47017025 25.76997698]
 [26.12214252  8.75145946]
 [39.98988404 12.10038913]
 [41.24062425 29.03515474]
 [41.49887287 45.96823697]
 [41.54812686 63.04661135]
[41.         70.75      ]
 [41.         69.25      ]
 [41.         68.        ]
 [40.69521836 65.95262807]
 [39.60233826 63.84337859]
 [36.95608209 60.78460308]
 [35.58772501 58.77819409]
 [35.03015643 56.75385256]
 [35.         55.75      ]
 [35.         54.25      ]