[ 4.5        99.5       ]
 [ 4.50000285 81.46660484]
 [ 4.5002315  63.43321094]
 [ 4.47833929 45.39969347]
 [ 3.55132338 27.34041142]
 [10.67737509 14.51430698]
 [28.72232395  7.17525331]
 [41.49452539 15.76123368]
 [41.50021139 33.76780673]
 [41.54670585 52.01150574]
[41.         58.75      ]
 [41.         57.25      ]
 [41.         56.        ]
 [40.69521836 53.95262807]
 [39.60233826 51.84337859]
 [36.95608209 48.78460308]
 [35.58772501 46.77819409]
 [35.03015643 44.75385256]
 [35.         43.75      ]
 [35.         42.25      ]