[ 1.5        92.5       ]
 [ 2.4811208  73.70141308]
 [ 5.79409958 54.90275344]
 [ 5.48451125 36.09587482]
 [10.7186691  20.47917156]
 [29.48714901  6.88672114]
 [40.51952558 17.31845207]
 [40.50011396 36.09026984]
 [40.49996292 54.88891811]
 [40.50999014 73.62700526]
[41.         82.75      ]
 [41.         81.25      ]
 [41.         80.        ]
 [40.69521836 77.95262807]
 [39.60233826 75.84337859]
 [36.95608209 72.78460308]
 [35.58772501 70.77819409]
 [35.03015643 68.75385256]
 [35.         67.75      ]
 [35.         66.25      ]