[ 8.5        97.5       ]
 [ 8.50056236 71.23274866]
 [ 7.48161445 44.96434345]
 [10.09924733 20.8016685 ]
 [36.56895274  6.52862313]
 [59.69406767 31.8362537 ]
 [59.50029351 58.10351361]
 [59.13717478 84.37049003]
 [79.50079516 87.35235639]
 [80.49853574 61.09374314]
[81.         41.        ]
 [81.         42.5       ]
 [81.         44.        ]
 [80.69521836 46.04737193]
 [79.60233826 48.15662141]
 [76.95608209 51.21539692]
 [75.58772501 53.22180591]
 [75.03015643 55.24614744]
 [75.         56.        ]
 [75.         57.5       ]