[ 9.5        91.5       ]
 [10.49477857 78.27135678]
 [10.37663632 65.0427137 ]
 [18.16587774 51.81407136]
 [26.67346369 38.58527025]
 [26.49319083 25.36049103]
 [26.44028984 12.19521956]
 [36.15051857  6.72201156]
 [49.34592523 18.3203728 ]
 [59.34914459 31.86657713]
[59.         34.75      ]
 [59.         33.25      ]
 [59.         32.        ]
 [59.30478164 29.95262807]
 [60.39766174 27.84337859]
 [63.04391791 24.78460308]
 [64.41227499 22.77819409]
 [64.96984357 20.75385256]
 [65.         19.75      ]
 [65.         18.25      ]