[11.5        97.5       ]
 [18.48199293 81.2704918 ]
 [23.05539761 65.04098377]
 [26.50295928 48.81146691]
 [26.49999811 32.58201222]
 [26.50093999 16.39471316]
 [35.14759476  6.12178557]
 [49.43770699 20.08942538]
 [51.48750115 36.33647215]
 [58.10513478 52.73245554]
[59.         58.75      ]
 [59.         57.25      ]
 [59.         56.        ]
 [59.30478164 53.95262807]
 [60.39766174 51.84337859]
 [63.04391791 48.78460308]
 [64.41227499 46.77819409]
 [64.96984357 44.75385256]
 [65.         43.75      ]
 [65.         42.25      ]