[13.5        93.5       ]
 [14.55496118 70.16906472]
 [26.80614303 46.83814486]
 [26.50007265 23.50723196]
 [34.90089729  6.11777672]
 [57.829881   27.15469899]
 [59.49998234 50.48561151]
 [59.46995435 73.81652408]
 [71.04172156 94.8800403 ]
 [79.49785558 77.52129856]
[81.         65.        ]
 [81.         66.5       ]
 [81.         68.        ]
 [80.69521836 70.04737193]
 [79.60233826 72.15662141]
 [76.95608209 75.21539692]
 [75.58772501 77.22180591]
 [75.03015643 79.24614744]
 [75.         80.        ]
 [75.         81.5       ]