[ 7.5        93.5       ]
 [ 0.38012171 64.70092647]
 [ 4.40959546 35.90963393]
 [18.88361272 16.42504262]
 [47.70299677 16.68972665]
 [55.49845456 45.49539692]
 [55.61183493 74.29225266]
 [77.09218183 93.84747256]
 [80.55518925 66.10732494]
 [81.49945752 37.31083923]
[81.         17.        ]
 [81.         18.5       ]
 [81.         20.        ]
 [80.69521836 22.04737193]
 [79.60233826 24.15662141]
 [76.95608209 27.21539692]
 [75.58772501 29.22180591]
 [75.03015643 31.24614744]
 [75.         32.        ]
 [75.         33.5       ]