[14.5        92.5       ]
 [14.49992473 76.70168067]
 [14.50823747 60.90336138]
 [13.56415378 45.10503942]
 [ 6.57257412 29.30687087]
 [ 8.656573   14.01095527]
 [24.287399   10.68121344]
 [39.71383834  8.95751434]
 [40.46575021 24.8873838 ]
 [40.45574036 40.95605987]
[41.         46.75      ]
 [41.         45.25      ]
 [41.         44.        ]
 [40.69521836 41.95262807]
 [39.60233826 39.84337859]
 [36.95608209 36.78460308]
 [35.58772501 34.77819409]
 [35.03015643 32.75385256]
 [35.         31.75      ]
 [35.         30.25      ]