[11.5        94.5       ]
 [26.12061765 66.56650837]
 [26.5000425  38.6330703 ]
 [26.21948653 10.59632132]
 [52.22975457 21.22563565]
 [59.49930516 49.16745872]
 [59.58050472 77.09313246]
 [78.77838686 93.14555034]
 [80.4984071  65.03177025]
 [82.02276004 37.09750947]
[89.         17.        ]
 [89.         18.5       ]
 [89.         20.        ]
 [89.30478164 22.04737193]
 [90.39766174 24.15662141]
 [93.04391791 27.21539692]
 [94.41227499 29.22180591]
 [94.96984357 31.24614744]
 [95.         32.        ]
 [95.         33.5       ]