[10.5        95.5       ]
 [11.500031   80.70179372]
 [11.41151076 65.90358744]
 [24.08166968 51.10538115]
 [25.50065786 36.30717605]
 [25.48109116 21.50889924]
 [28.32156453  7.14998483]
 [39.63160306 11.95609808]
 [41.18044275 26.88252329]
 [41.55893641 42.00227283]
[41.         46.75      ]
 [41.         45.25      ]
 [41.         44.        ]
 [40.69521836 41.95262807]
 [39.60233826 39.84337859]
 [36.95608209 36.78460308]
 [35.58772501 34.77819409]
 [35.03015643 32.75385256]
 [35.         31.75      ]
 [35.         30.25      ]