[ 8.5        98.5       ]
 [ 9.49169092 81.23244782]
 [12.06065521 63.96489569]
 [18.50379252 46.69736006]
 [18.4884447  29.42887044]
 [22.74852397 12.03807815]
 [38.89786069  9.12951162]
 [40.502751   26.37287703]
 [40.49967447 43.64123442]
 [40.49236592 60.93087143]
[41.         70.75      ]
 [41.         69.25      ]
 [41.         68.        ]
 [40.69521836 65.95262807]
 [39.60233826 63.84337859]
 [36.95608209 60.78460308]
 [35.58772501 58.77819409]
 [35.03015643 56.75385256]
 [35.         55.75      ]
 [35.         54.25      ]