[ 4.5        95.5       ]
 [ 5.29366352 67.16863905]
 [26.7065679  38.83727921]
 [26.49854411 10.50590884]
 [52.71246244 21.81423412]
 [59.50211117 50.15680479]
 [59.50077359 78.48807292]
 [79.06274104 91.46829815]
 [80.4994603  62.84926431]
 [83.48969034 34.51783941]
[89.         17.        ]
 [89.         18.5       ]
 [89.         20.        ]
 [89.30478164 22.04737193]
 [90.39766174 24.15662141]
 [93.04391791 27.21539692]
 [94.41227499 29.22180591]
 [94.96984357 31.24614744]
 [95.         32.        ]
 [95.         33.5       ]