[ 2.5        94.5       ]
 [ 5.48295519 77.16990292]
 [10.10970528 59.83980575]
 [24.81463051 42.50967468]
 [24.49871496 25.18100849]
 [26.83358167  8.21018056]
 [40.45381163 13.43409183]
 [41.59872917 30.81014109]
 [41.49791138 48.13942784]
 [41.42052438 65.35349685]
[41.         70.75      ]
 [41.         69.25      ]
 [41.         68.        ]
 [40.69521836 65.95262807]
 [39.60233826 63.84337859]
 [36.95608209 60.78460308]
 [35.58772501 58.77819409]
 [35.03015643 56.75385256]
 [35.         55.75      ]
 [35.         54.25      ]