[ 3.5        94.5       ]
 [ 4.49678551 78.46659708]
 [ 5.34808443 62.43319397]
 [20.5886119  46.39980281]
 [26.47056406 30.36594566]
 [26.48227791 14.32650394]
 [36.70977448  6.96337551]
 [51.35764569 21.72569837]
 [51.22132415 37.76277001]
 [58.28330968 53.95226404]
[59.         58.75      ]
 [59.         57.25      ]
 [59.         56.        ]
 [59.30478164 53.95262807]
 [60.39766174 51.84337859]
 [63.04391791 48.78460308]
 [64.41227499 46.77819409]
 [64.96984357 44.75385256]
 [65.         43.75      ]
 [65.         42.25      ]