[ 0.5        94.5       ]
 [ 1.53748499 71.03352428]
 [ 8.04820845 47.5666202 ]
 [ 9.81385683 24.15783854]
 [33.36491572  6.26957809]
 [57.21156764 25.83669197]
 [59.50150422 49.29885728]
 [59.49015906 72.76651478]
 [70.20112003 94.31561177]
 [79.46199785 78.31823827]
[81.         65.        ]
 [81.         66.5       ]
 [81.         68.        ]
 [80.69521836 70.04737193]
 [79.60233826 72.15662141]
 [76.95608209 75.21539692]
 [75.58772501 77.22180591]
 [75.03015643 79.24614744]
 [75.         80.        ]
 [75.         81.5       ]