[ 8.5        96.5       ]
 [ 9.29157311 68.26886787]
 [26.4182693  40.03764321]
 [26.46712212 11.84357283]
 [51.33913956 20.40413913]
 [59.50008453 48.65565517]
 [59.51559138 76.88421864]
 [78.3688808  92.76990022]
 [80.4650209  64.65093989]
 [82.23892996 36.42373484]
[89.         17.        ]
 [89.         18.5       ]
 [89.         20.        ]
 [89.30478164 22.04737193]
 [90.39766174 24.15662141]
 [93.04391791 27.21539692]
 [94.41227499 29.22180591]
 [94.96984357 31.24614744]
 [95.         32.        ]
 [95.         33.5       ]