[ 9.5        96.5       ]
 [10.49141073 79.03358925]
 [13.43225177 61.56717852]
 [18.53145715 44.10080622]
 [18.49539053 26.63402538]
 [25.96414233  8.78734032]
 [39.47581895 12.27492807]
 [41.61263744 29.76310126]
 [41.49987383 47.23176152]
 [41.54515248 64.97018494]
[41.         70.75      ]
 [41.         69.25      ]
 [41.         68.        ]
 [40.69521836 65.95262807]
 [39.60233826 63.84337859]
 [36.95608209 60.78460308]
 [35.58772501 58.77819409]
 [35.03015643 56.75385256]
 [35.         55.75      ]
 [35.         54.25      ]