[ 4.5        99.5       ]
 [ 5.49922865 84.27074236]
 [ 5.68269796 69.04148473]
 [ 9.49630832 53.81222628]
 [ 9.50993263 38.58302655]
 [12.45209403 23.34991636]
 [26.77499127  8.40591145]
 [40.10559646 10.99042839]
 [40.49518687 26.33067853]
 [40.93963872 41.88757129]
[41.         46.75      ]
 [41.         45.25      ]
 [41.         44.        ]
 [40.69521836 41.95262807]
 [39.60233826 39.84337859]
 [36.95608209 36.78460308]
 [35.58772501 34.77819409]
 [35.03015643 32.75385256]
 [35.         31.75      ]
 [35.         30.25      ]