[ 9.5        98.5       ]
 [10.48865738 79.60124334]
 [16.1837399  60.70248624]
 [26.44375417 41.80367151]
 [26.49338786 22.90132234]
 [30.88843297  6.61367383]
 [48.34542362 18.89274716]
 [49.49336844 37.79130757]
 [49.61988605 56.69102361]
 [57.55296659 75.60031511]
[59.         82.75      ]
 [59.         81.25      ]
 [59.         80.        ]
 [59.30478164 77.95262807]
 [60.39766174 75.84337859]
 [63.04391791 72.78460308]
 [64.41227499 70.77819409]
 [64.96984357 68.75385256]
 [65.         67.75      ]
 [65.         66.25      ]