[ 8.5        91.5       ]
 [ 8.49984791 75.0336045 ]
 [ 8.51333461 58.56724388]
 [ 6.74259459 42.09980402]
 [ 5.49500376 25.51954287]
 [18.80652653 16.42389079]
 [35.48201496  6.16888421]
 [49.61432454 20.76474625]
 [50.33484868 37.22690411]
 [57.90315333 54.01585984]
[59.         58.75      ]
 [59.         57.25      ]
 [59.         56.        ]
 [59.30478164 53.95262807]
 [60.39766174 51.84337859]
 [63.04391791 48.78460308]
 [64.41227499 46.77819409]
 [64.96984357 44.75385256]
 [65.         43.75      ]
 [65.         42.25      ]