[ 2.5        95.5       ]
 [ 3.49470586 77.16972492]
 [ 4.60645452 58.83946854]
 [ 4.49999272 40.50915838]
 [ 4.77053494 21.89461408]
 [22.16150207 12.65930367]
 [39.48571794  9.48419949]
 [46.44549438 27.81344821]
 [49.13026056 46.1412549 ]
 [57.4890027  64.47489938]
[59.         70.75      ]
 [59.         69.25      ]
 [59.         68.        ]
 [59.30478164 65.95262807]
 [60.39766174 63.84337859]
 [63.04391791 60.78460308]
 [64.41227499 58.77819409]
 [64.96984357 56.75385256]
 [65.         55.75      ]
 [65.         54.25      ]