[ 7.5        97.5       ]
 [20.25216704 69.03348997]
 [25.86868799 40.56688111]
 [26.49724533 12.05137654]
 [51.31702895 20.35232801]
 [59.4981158  48.83254178]
 [59.50183327 77.30160761]
 [79.18034059 92.10753815]
 [80.49695467 63.76777425]
 [83.02366874 35.29503623]
[89.         17.        ]
 [89.         18.5       ]
 [89.         20.        ]
 [89.30478164 22.04737193]
 [90.39766174 24.15662141]
 [93.04391791 27.21539692]
 [94.41227499 29.22180591]
 [94.96984357 31.24614744]
 [95.         32.        ]
 [95.         33.5       ]