[ 0.5        98.5       ]
 [ 0.49993972 83.17032967]
 [ 0.50668621 67.84065937]
 [ 3.32186267 52.51098663]
 [18.81948974 37.18148759]
 [26.39595528 21.84061027]
 [28.05128442  7.38735132]
 [44.03455033 12.80644121]
 [52.10435167 28.1425836 ]
 [58.55666597 42.87261893]
[59.         46.75      ]
 [59.         45.25      ]
 [59.         44.        ]
 [59.30478164 41.95262807]
 [60.39766174 39.84337859]
 [63.04391791 36.78460308]
 [64.41227499 34.77819409]
 [64.96984357 32.75385256]
 [65.         31.75      ]
 [65.         30.25      ]