[11.5        99.5       ]
 [14.43741018 70.13348395]
 [ 7.37695348 40.76609052]
 [14.68620258 17.72368962]
 [43.97285427 12.96487386]
 [59.51501941 42.33257871]
 [59.48557213 71.69908407]
 [75.16398983 94.37254973]
 [80.5002206  67.56789956]
 [81.21324814 38.20266277]
[89.         17.        ]
 [89.         18.5       ]
 [89.         20.        ]
 [89.30478164 22.04737193]
 [90.39766174 24.15662141]
 [93.04391791 27.21539692]
 [94.41227499 29.22180591]
 [94.96984357 31.24614744]
 [95.         32.        ]
 [95.         33.5       ]