[ 2.5        98.5       ]
 [ 5.52480709 73.70107239]
 [25.22889936 48.90214225]
 [26.50467486 24.10575888]
 [35.7309535   6.24664155]
 [59.16890582 29.4946471 ]
 [59.50037831 54.29356556]
 [59.60696981 79.09257446]
 [78.34529758 93.4486149 ]
 [83.82463045 69.29713042]
[89.         53.        ]
 [89.         54.5       ]
 [89.         56.        ]
 [89.30478164 58.04737193]
 [90.39766174 60.15662141]
 [93.04391791 63.21539692]
 [94.41227499 65.22180591]
 [94.96984357 67.24614744]
 [95.         68.        ]
 [95.         69.5       ]