[ 0.5        92.5       ]
 [ 0.27152063 76.23239429]
 [ 0.7140444  59.96479609]
 [ 5.46851383 43.69682377]
 [ 5.49276333 27.42778406]
 [15.83660347 18.84242725]
 [32.09774736  6.11366873]
 [48.74328294 17.40090091]
 [49.55786851 33.64075394]
 [56.91574779 49.99792689]
[59.         58.75      ]
 [59.         57.25      ]
 [59.         56.        ]
 [59.30478164 53.95262807]
 [60.39766174 51.84337859]
 [63.04391791 48.78460308]
 [64.41227499 46.77819409]
 [64.96984357 44.75385256]
 [65.         43.75      ]
 [65.         42.25      ]