[ 6.5        97.5       ]
 [ 7.4969127  77.70134228]
 [15.08056677 57.90268429]
 [24.16383158 38.10395355]
 [24.53788034 18.28786391]
 [36.69785537  6.15964189]
 [41.28277025 25.29588142]
 [41.49876627 45.09062578]
 [41.49992106 64.88882957]
 [41.48585803 84.60259648]
[41.         94.75      ]
 [41.         93.25      ]
 [41.         92.        ]
 [40.69521836 89.95262807]
 [39.60233826 87.84337859]
 [36.95608209 84.78460308]
 [35.58772501 82.77819409]
 [35.03015643 80.75385256]
 [35.         79.75      ]
 [35.         78.25      ]