[ 5.5        92.5       ]
 [ 5.50052639 71.60112331]
 [ 5.71195156 50.70213406]
 [ 1.53139614 29.77382511]
 [12.1266511  17.56606737]
 [32.94851947  6.42958125]
 [40.48822264 22.8959329 ]
 [40.4998602  43.79216474]
 [40.499464   64.69054153]
 [40.3781696  85.48293189]
[41.         94.75      ]
 [41.         93.25      ]
 [41.         92.        ]
 [40.69521836 89.95262807]
 [39.60233826 87.84337859]
 [36.95608209 84.78460308]
 [35.58772501 82.77819409]
 [35.03015643 80.75385256]
 [35.         79.75      ]
 [35.         78.25      ]