[ 8.5        91.5       ]
 [ 9.49385202 74.70158104]
 [11.27409795 57.90316129]
 [18.50114438 41.10472105]
 [18.59670274 24.31332807]
 [27.5569477   7.16359623]
 [39.62096925 13.35502513]
 [40.50715885 30.08726797]
 [40.49980902 46.88830589]
 [40.4751645  63.83560761]
[41.         70.75      ]
 [41.         69.25      ]
 [41.         68.        ]
 [40.69521836 65.95262807]
 [39.60233826 63.84337859]
 [36.95608209 60.78460308]
 [35.58772501 58.77819409]
 [35.03015643 56.75385256]
 [35.         55.75      ]
 [35.         54.25      ]