[ 9.5        91.5       ]
 [12.5019798  72.03356285]
 [12.4777147  52.5671346 ]
 [ 6.26588359 33.10273223]
 [ 8.42277151 14.4110034 ]
 [27.81145763  7.75736682]
 [44.85363152 16.32982433]
 [46.49345259 35.76521048]
 [47.72223346 55.23195087]
 [56.58850654 74.71910967]
[59.         82.75      ]
 [59.         81.25      ]
 [59.         80.        ]
 [59.30478164 77.95262807]
 [60.39766174 75.84337859]
 [63.04391791 72.78460308]
 [64.41227499 70.77819409]
 [64.96984357 68.75385256]
 [65.         67.75      ]
 [65.         66.25      ]