[ 1.5        97.5       ]
 [ 4.4945695  81.2704918 ]
 [ 6.55280172 65.04098377]
 [23.51110437 48.81146691]
 [26.50290195 32.58201222]
 [26.50130869 16.39471316]
 [35.15992859  6.12178557]
 [48.01877614 20.08942538]
 [50.42472774 36.33647215]
 [58.10818428 52.73245554]
[59.         58.75      ]
 [59.         57.25      ]
 [59.         56.        ]
 [59.30478164 53.95262807]
 [60.39766174 51.84337859]
 [63.04391791 48.78460308]
 [64.41227499 46.77819409]
 [64.96984357 44.75385256]
 [65.         43.75      ]
 [65.         42.25      ]