[12.5        91.5       ]
 [13.32870837 62.46662848]
 [26.52252713 33.43384599]
 [30.39191677  6.08327994]
 [59.05708942 28.63194508]
 [59.49997267 57.6668631 ]
 [60.94864926 86.65680677]
 [80.5367596  82.26617117]
 [80.5000175  53.23302387]
 [80.49803134 24.19568464]
[81.          5.        ]
 [81.          6.5       ]
 [81.          8.        ]
 [80.69521836 10.04737193]
 [79.60233826 12.15662141]
 [76.95608209 15.21539692]
 [75.58772501 17.22180591]
 [75.03015643 19.24614744]
 [75.         20.        ]
 [75.         21.5       ]