[ 5.5        98.5       ]
 [ 5.49999975 68.2328247 ]
 [ 5.49858114 37.96723863]
 [18.29100741 16.92727882]
 [48.53303475 17.54324809]
 [58.50008867 47.83586905]
 [58.43447222 78.10845017]
 [79.73577195 89.74649845]
 [80.50066557 59.3626383 ]
 [80.50092592 29.09588271]
[81.          5.        ]
 [81.          6.5       ]
 [81.          8.        ]
 [80.69521836 10.04737193]
 [79.60233826 12.15662141]
 [76.95608209 15.21539692]
 [75.58772501 17.22180591]
 [75.03015643 19.24614744]
 [75.         20.        ]
 [75.         21.5       ]