[ 8.5        99.5       ]
 [15.50366215 74.46662216]
 [25.49875258 49.43324457]
 [26.49901887 24.3995931 ]
 [35.63327184  6.54282518]
 [59.55873431 29.6667778 ]
 [59.4999331  54.70026436]
 [59.47502551 79.73607007]
 [78.6482291  93.33233706]
 [84.65578599 68.20240612]
[89.         53.        ]
 [89.         54.5       ]
 [89.         56.        ]
 [89.30478164 58.04737193]
 [90.39766174 60.15662141]
 [93.04391791 63.21539692]
 [94.41227499 65.22180591]
 [94.96984357 67.24614744]
 [95.         68.        ]
 [95.         69.5       ]