[10.5        94.5       ]
 [16.21548147 67.7009926 ]
 [26.51579753 40.90194437]
 [26.45553084 14.08661342]
 [47.67264725 16.72677107]
 [58.50588761 43.49502094]
 [58.49083003 70.29470863]
 [70.97705427 94.88137825]
 [80.49462232 74.10643735]
 [81.47633121 47.30260023]
[81.         29.        ]
 [81.         30.5       ]
 [81.         32.        ]
 [80.69521836 34.04737193]
 [79.60233826 36.15662141]
 [76.95608209 39.21539692]
 [75.58772501 41.22180591]
 [75.03015643 43.24614744]
 [75.         44.        ]
 [75.         45.5       ]