[ 9.5        97.5       ]
 [10.36121244 68.23280718]
 [26.46667728 38.96549123]
 [26.65352103  9.35668696]
 [54.51692602 23.57693488]
 [56.49982819 52.83596056]
 [56.77026517 82.09620472]
 [79.49783776 86.63462598]
 [81.36190424 57.36247216]
 [81.32363055 28.0957629 ]
[89.          5.        ]
 [89.          6.5       ]
 [89.          8.        ]
 [89.30478164 10.04737193]
 [90.39766174 12.15662141]
 [93.04391791 15.21539692]
 [94.41227499 17.22180591]
 [94.96984357 19.24614744]
 [95.         20.        ]
 [95.         21.5       ]