[ 6.5        91.5       ]
 [20.77956071 75.50000001]
 [24.96400117 59.49999936]
 [26.51350735 43.50004224]
 [26.50150589 27.4982332 ]
 [26.5        11.5       ]
 [39.16411485  8.22063553]
 [52.66826251 24.50659626]
 [54.31460819 40.50531192]
 [59.04347257 55.50555036]
[59.         58.75      ]
 [59.         57.25      ]
 [59.         56.        ]
 [59.30478164 53.95262807]
 [60.39766174 51.84337859]
 [63.04391791 48.78460308]
 [64.41227499 46.77819409]
 [64.96984357 44.75385256]
 [65.         43.75      ]
 [65.         42.25      ]