[12.5        90.5       ]
 [12.49945081 60.56651902]
 [ 6.49568483 30.63393351]
 [22.29890854 12.66728678]
 [52.20971359 21.2311121 ]
 [58.50000049 51.16740552]
 [58.45860868 81.10429582]
 [79.50289878 86.98512044]
 [80.50013032 57.03215923]
 [80.50057517 27.09895718]
[81.          5.        ]
 [81.          6.5       ]
 [81.          8.        ]
 [80.69521836 10.04737193]
 [79.60233826 12.15662141]
 [76.95608209 15.21539692]
 [75.58772501 17.22180591]
 [75.03015643 19.24614744]
 [75.         20.        ]
 [75.         21.5       ]