[ 0.5        90.5       ]
 [ 1.4871147  72.46660482]
 [ 5.4343531  54.43320963]
 [14.46733781 36.39981572]
 [16.21443205 18.36668715]
 [34.69176919  6.53688716]
 [40.59962407 21.68836335]
 [40.50064136 39.73367763]
 [40.49981726 57.76797012]
 [40.45329467 76.0115087 ]
[41.         82.75      ]
 [41.         81.25      ]
 [41.         80.        ]
 [40.69521836 77.95262807]
 [39.60233826 75.84337859]
 [36.95608209 72.78460308]
 [35.58772501 70.77819409]
 [35.03015643 68.75385256]
 [35.         67.75      ]
 [35.         66.25      ]