[ 6.5        92.5       ]
 [ 7.49151244 75.46660119]
 [ 9.71215842 58.43320185]
 [26.04646407 41.39974779]
 [26.49978895 24.37309505]
 [27.60504866  7.40521666]
 [42.47000824 13.81271014]
 [53.61538228 30.73313761]
 [57.51677431 47.7648625 ]
 [58.13317641 65.03724832]
[59.         70.75      ]
 [59.         69.25      ]
 [59.         68.        ]
 [59.30478164 65.95262807]
 [60.39766174 63.84337859]
 [63.04391791 60.78460308]
 [64.41227499 58.77819409]
 [64.96984357 56.75385256]
 [65.         55.75      ]
 [65.         54.25      ]