[ 2.5        95.5       ]
 [ 3.48801075 77.13357401]
 [ 8.20247451 58.76714802]
 [14.50190215 40.40072208]
 [14.08692398 22.03421265]
 [31.25083959  6.10854411]
 [40.5229475  18.69492462]
 [41.48185221 37.06517255]
 [41.50004662 55.43235462]
 [41.50542565 73.82234096]
[41.         82.75      ]
 [41.         81.25      ]
 [41.         80.        ]
 [40.69521836 77.95262807]
 [39.60233826 75.84337859]
 [36.95608209 72.78460308]
 [35.58772501 70.77819409]
 [35.03015643 68.75385256]
 [35.         67.75      ]
 [35.         66.25      ]