[ 0.5        95.5       ]
 [ 1.26747216 68.70099308]
 [ 4.49496373 41.90149147]
 [ 8.8994927  17.4154681 ]
 [35.69741806  6.67150125]
 [59.50081097 31.49433751]
 [59.49984867 58.29407015]
 [60.13744377 85.03387485]
 [80.45591542 86.10820606]
 [81.47627753 59.3026028 ]
[81.         41.        ]
 [81.         42.5       ]
 [81.         44.        ]
 [80.69521836 46.04737193]
 [79.60233826 48.15662141]
 [76.95608209 51.21539692]
 [75.58772501 53.22180591]
 [75.03015643 55.24614744]
 [75.         56.        ]
 [75.         57.5       ]