[ 4.5        98.5       ]
 [ 5.42468672 72.56649615]
 [24.982182   46.63300948]
 [26.47094047 20.68310544]
 [40.21685726  9.25249999]
 [59.52421992 35.16751847]
 [59.49956155 61.10102265]
 [60.61683499 87.03526472]
 [79.88605528 84.97354028]
 [80.49673885 59.09666145]
[81.         41.        ]
 [81.         42.5       ]
 [81.         44.        ]
 [80.69521836 46.04737193]
 [79.60233826 48.15662141]
 [76.95608209 51.21539692]
 [75.58772501 53.22180591]
 [75.03015643 55.24614744]
 [75.         56.        ]
 [75.         57.5       ]