[ 2.5        92.5       ]
 [ 3.50125885 75.23244798]
 [ 3.55958847 57.9648911 ]
 [10.57094824 40.69597189]
 [10.50423905 23.50582335]
 [22.82165339 12.1308104 ]
 [38.89701289  9.12843657]
 [40.50274522 26.37286969]
 [40.49967458 43.64123456]
 [40.49236592 60.93087143]
[41.         70.75      ]
 [41.         69.25      ]
 [41.         68.        ]
 [40.69521836 65.95262807]
 [39.60233826 63.84337859]
 [36.95608209 60.78460308]
 [35.58772501 58.77819409]
 [35.03015643 56.75385256]
 [35.         55.75      ]
 [35.         54.25      ]