[ 1.5        99.5       ]
 [ 2.495116   83.13360324]
 [ 3.74509807 66.76720654]
 [19.83594655 50.40080738]
 [21.50079963 34.03431251]
 [21.26752939 17.69091357]
 [33.71221223  6.13993318]
 [41.44051269 19.06961552]
 [41.4981277  35.4296431 ]
 [41.54669901 52.00832674]
[41.         58.75      ]
 [41.         57.25      ]
 [41.         56.        ]
 [40.69521836 53.95262807]
 [39.60233826 51.84337859]
 [36.95608209 48.78460308]
 [35.58772501 46.77819409]
 [35.03015643 44.75385256]
 [35.         43.75      ]
 [35.         42.25      ]