[11.5        92.5       ]
 [25.74117369 74.16972478]
 [26.47309535 55.83945119]
 [26.50000146 37.50917293]
 [26.49892326 19.15419568]
 [34.30537666  6.22414966]
 [51.48405591 21.48147308]
 [55.67475627 39.8118122 ]
 [58.51192485 58.14124263]
 [58.49827218 76.47489938]
[59.         82.75      ]
 [59.         81.25      ]
 [59.         80.        ]
 [59.30478164 77.95262807]
 [60.39766174 75.84337859]
 [63.04391791 72.78460308]
 [64.41227499 70.77819409]
 [64.96984357 68.75385256]
 [65.         67.75      ]
 [65.         66.25      ]