[12.5        99.5       ]
 [18.05005204 71.23278878]
 [26.49658797 42.96555097]
 [26.51849685 14.70517144]
 [48.57039018 17.5928593 ]
 [59.49436243 45.83606511]
 [59.49083457 74.10415734]
 [76.71343582 94.23837611]
 [80.49804851 67.3618962 ]
 [81.30889575 39.09538557]
[89.         17.        ]
 [89.         18.5       ]
 [89.         20.        ]
 [89.30478164 22.04737193]
 [90.39766174 24.15662141]
 [93.04391791 27.21539692]
 [94.41227499 29.22180591]
 [94.96984357 31.24614744]
 [95.         32.        ]
 [95.         33.5       ]