[ 5.5        93.5       ]
 [ 6.34260842 66.60087182]
 [26.29212303 39.7016674 ]
 [26.38888383 12.74194321]
 [49.0685926  18.09680502]
 [59.50273713 44.99564126]
 [59.48305289 71.89475675]
 [72.65236686 94.81803113]
 [80.50232371 72.30722952]
 [83.30659493 45.3920919 ]
[89.         29.        ]
 [89.         30.5       ]
 [89.         32.        ]
 [89.30478164 34.04737193]
 [90.39766174 36.15662141]
 [93.04391791 39.21539692]
 [94.41227499 41.22180591]
 [94.96984357 43.24614744]
 [95.         44.        ]
 [95.         45.5       ]