[ 4.5        97.5       ]
 [ 5.41572683 71.46662386]
 [25.11864196 45.43327582]
 [26.49918483 19.37489622]
 [41.62296101 10.49155172]
 [59.49495463 36.6668514 ]
 [59.49997805 62.70018018]
 [62.42239081 88.83459128]
 [80.12007187 83.21126839]
 [80.49776525 57.19476395]
[81.         41.        ]
 [81.         42.5       ]
 [81.         44.        ]
 [80.69521836 46.04737193]
 [79.60233826 48.15662141]
 [76.95608209 51.21539692]
 [75.58772501 53.22180591]
 [75.03015643 55.24614744]
 [75.         56.        ]
 [75.         57.5       ]