[ 3.5        92.5       ]
 [17.5943369  73.03356283]
 [23.59982437 53.56712771]
 [23.49917705 34.10115928]
 [23.18416029 14.72644198]
 [39.38555923  8.42087378]
 [53.58123938 28.29642815]
 [57.88709178 47.76505424]
 [58.57208522 67.23195029]
 [58.49661351 86.71910967]
[59.         94.75      ]
 [59.         93.25      ]
 [59.         92.        ]
 [59.30478164 89.95262807]
 [60.39766174 87.84337859]
 [63.04391791 84.78460308]
 [64.41227499 82.77819409]
 [64.96984357 80.75385256]
 [65.         79.75      ]
 [65.         78.25      ]