[ 9.5        94.5       ]
 [10.49672949 78.46659708]
 [11.35392984 62.43319397]
 [25.73837986 46.39980281]
 [26.50384579 30.36594566]
 [26.4823899  14.32650394]
 [36.70243438  6.96337551]
 [52.22832199 21.72569837]
 [53.44636501 37.76277001]
 [58.29841982 53.95226404]
[59.         58.75      ]
 [59.         57.25      ]
 [59.         56.        ]
 [59.30478164 53.95262807]
 [60.39766174 51.84337859]
 [63.04391791 48.78460308]
 [64.41227499 46.77819409]
 [64.96984357 44.75385256]
 [65.         43.75      ]
 [65.         42.25      ]