[10.5        97.5       ]
 [21.46955461 72.60094213]
 [26.50062748 47.70188221]
 [26.50013833 22.80496609]
 [37.10881451  6.32626101]
 [59.42867593 30.99488804]
 [59.50011233 55.89434131]
 [59.50385972 80.79876765]
 [79.14107277 92.16513394]
 [80.52802879 67.39415979]
[81.         53.        ]
 [81.         54.5       ]
 [81.         56.        ]
 [80.69521836 58.04737193]
 [79.60233826 60.15662141]
 [76.95608209 63.21539692]
 [75.58772501 65.22180591]
 [75.03015643 67.24614744]
 [75.         68.        ]
 [75.         69.5       ]