[ 7.5        94.5       ]
 [20.63022699 76.03357532]
 [20.50108123 57.56715127]
 [20.4996929  39.1007487 ]
 [20.59807835 20.62709167]
 [32.82252863  6.11121659]
 [40.46289129 20.29270648]
 [41.49203431 38.76502301]
 [41.50013558 57.23299869]
 [41.52510721 75.84930637]
[41.         82.75      ]
 [41.         81.25      ]
 [41.         80.        ]
 [40.69521836 77.95262807]
 [39.60233826 75.84337859]
 [36.95608209 72.78460308]
 [35.58772501 70.77819409]
 [35.03015643 68.75385256]
 [35.         67.75      ]
 [35.         66.25      ]