[11.5        94.5       ]
 [12.49504335 81.23218673]
 [12.36728264 67.9643735 ]
 [20.27839933 54.69656038]
 [26.49670131 41.42870372]
 [26.5033451  28.16213551]
 [26.53418806 14.90568128]
 [33.37325315  6.11801154]
 [39.43780134 15.67464866]
 [40.3799703  28.99945419]
[41.         34.75      ]
 [41.         33.25      ]
 [41.         32.        ]
 [40.69521836 29.95262807]
 [39.60233826 27.84337859]
 [36.95608209 24.78460308]
 [35.58772501 22.77819409]
 [35.03015643 20.75385256]
 [35.         19.75      ]
 [35.         18.25      ]