[ 3.5        94.5       ]
 [ 4.49823571 77.16990292]
 [ 5.41605421 59.83980575]
 [19.46829736 42.50967468]
 [26.48230736 25.18100849]
 [27.4293038   8.21018056]
 [44.41172961 13.43409183]
 [51.50321833 30.81014109]
 [51.34127719 48.13942784]
 [57.87530334 65.35349685]
[59.         70.75      ]
 [59.         69.25      ]
 [59.         68.        ]
 [59.30478164 65.95262807]
 [60.39766174 63.84337859]
 [63.04391791 60.78460308]
 [64.41227499 58.77819409]
 [64.96984357 56.75385256]
 [65.         55.75      ]
 [65.         54.25      ]