[14.5        93.5       ]
 [17.55126654 80.13366336]
 [17.20457016 66.76732682]
 [26.53226323 53.4009899 ]
 [26.5125406  40.03457008]
 [26.50548745 26.67158773]
 [26.47224857 13.28655032]
 [35.22614471  6.13948739]
 [39.46090377 17.44417206]
 [40.55474685 30.7052032 ]
[41.         34.75      ]
 [41.         33.25      ]
 [41.         32.        ]
 [40.69521836 29.95262807]
 [39.60233826 27.84337859]
 [36.95608209 24.78460308]
 [35.58772501 22.77819409]
 [35.03015643 20.75385256]
 [35.         19.75      ]
 [35.         18.25      ]