[ 6.5        98.5       ]
 [ 7.5005666  78.46661102]
 [15.57105728 58.43322207]
 [23.5016912  38.39984352]
 [23.49062746 18.3691799 ]
 [36.62255746  6.57091263]
 [49.47589356 25.70033895]
 [49.49979939 45.7337234 ]
 [49.48716419 65.76722424]
 [56.62411408 85.82524425]
[59.         94.75      ]
 [59.         93.25      ]
 [59.         92.        ]
 [59.30478164 89.95262807]
 [60.39766174 87.84337859]
 [63.04391791 84.78460308]
 [64.41227499 82.77819409]
 [64.96984357 80.75385256]
 [65.         79.75      ]
 [65.         78.25      ]