[ 5.5        93.5       ]
 [15.49224524 74.13356165]
 [16.48518874 54.76712479]
 [16.50805126 35.4010058 ]
 [18.56413714 16.09178966]
 [37.87481667  7.5909681 ]
 [40.50326826 26.69865051]
 [40.50001002 46.06506987]
 [40.50000574 65.43148091]
 [40.5090208  84.75720127]
[41.         94.75      ]
 [41.         93.25      ]
 [41.         92.        ]
 [40.69521836 89.95262807]
 [39.60233826 87.84337859]
 [36.95608209 84.78460308]
 [35.58772501 82.77819409]
 [35.03015643 80.75385256]
 [35.         79.75      ]
 [35.         78.25      ]