[14.5        92.5       ]
 [15.30161585 64.70095711]
 [26.50821036 36.90201965]
 [26.79136676  8.76189879]
 [53.79591338 22.70342035]
 [59.49923473 50.49521336]
 [59.50433087 78.30027628]
 [79.34024017 91.84292187]
 [80.49029678 64.10749726]
 [82.56562179 36.30775314]
[89.         17.        ]
 [89.         18.5       ]
 [89.         20.        ]
 [89.30478164 22.04737193]
 [90.39766174 24.15662141]
 [93.04391791 27.21539692]
 [94.41227499 29.22180591]
 [94.96984357 31.24614744]
 [95.         32.        ]
 [95.         33.5       ]