[12.5        96.5       ]
 [18.49935644 81.46659243]
 [18.53869836 66.43318486]
 [25.49782961 51.39977691]
 [25.50000602 36.36639563]
 [25.5032155  21.33126081]
 [28.67182745  6.40702959]
 [39.53321106 12.757426  ]
 [41.53340333 27.76831431]
 [41.47872272 42.70762777]
[41.         46.75      ]
 [41.         45.25      ]
 [41.         44.        ]
 [40.69521836 41.95262807]
 [39.60233826 39.84337859]
 [36.95608209 36.78460308]
 [35.58772501 34.77819409]
 [35.03015643 32.75385256]
 [35.         31.75      ]
 [35.         30.25      ]