[ 5.5        92.5       ]
 [ 6.50010778 63.56651442]
 [ 6.50603895 34.63513013]
 [17.29882697 14.88475859]
 [46.23439681 15.25413594]
 [59.50263104 44.16742657]
 [59.47865737 73.10299037]
 [76.35998784 94.28585976]
 [80.4978034  67.03164966]
 [81.64039058 38.09835457]
[89.         17.        ]
 [89.         18.5       ]
 [89.         20.        ]
 [89.30478164 22.04737193]
 [90.39766174 24.15662141]
 [93.04391791 27.21539692]
 [94.41227499 29.22180591]
 [94.96984357 31.24614744]
 [95.         32.        ]
 [95.         33.5       ]