[ 0.5        99.5       ]
 [ 3.50026074 84.27074236]
 [ 3.76307461 69.04148473]
 [19.28194097 53.81222628]
 [25.58353554 38.58302655]
 [25.48441412 23.34991636]
 [26.47406863  8.40591145]
 [40.1116573  10.99042839]
 [40.49506807 26.33067853]
 [40.939641   41.88757129]
[41.         46.75      ]
 [41.         45.25      ]
 [41.         44.        ]
 [40.69521836 41.95262807]
 [39.60233826 39.84337859]
 [36.95608209 36.78460308]
 [35.58772501 34.77819409]
 [35.03015643 32.75385256]
 [35.         31.75      ]
 [35.         30.25      ]