[ 1.5        94.5       ]
 [ 4.47701217 76.03357532]
 [11.56589881 57.56715127]
 [25.55507268 39.1007487 ]
 [26.48389869 20.62709167]
 [32.83445151  6.11121659]
 [51.04887375 20.29270648]
 [52.50039048 38.76502301]
 [52.0318187  57.23299869]
 [59.50824641 75.84930637]
[59.         82.75      ]
 [59.         81.25      ]
 [59.         80.        ]
 [59.30478164 77.95262807]
 [60.39766174 75.84337859]
 [63.04391791 72.78460308]
 [64.41227499 70.77819409]
 [64.96984357 68.75385256]
 [65.         67.75      ]
 [65.         66.25      ]