[ 7.5        91.5       ]
 [ 8.49671989 75.50000001]
 [ 9.33491814 59.49999936]
 [21.83082142 43.50004224]
 [21.49110461 27.4982332 ]
 [23.5        11.5       ]
 [38.96750374  8.22063553]
 [40.47071262 24.50659626]
 [40.49659034 40.50531192]
 [40.9173418  55.50555036]
[41.         58.75      ]
 [41.         57.25      ]
 [41.         56.        ]
 [40.69521836 53.95262807]
 [39.60233826 51.84337859]
 [36.95608209 48.78460308]
 [35.58772501 46.77819409]
 [35.03015643 44.75385256]
 [35.         43.75      ]
 [35.         42.25      ]