[12.5        98.5       ]
 [18.4981687  69.50000001]
 [ 8.2453844  40.50002381]
 [ 9.39794687 14.1670207 ]
 [38.49758963  7.15391895]
 [58.5        36.5       ]
 [58.50157161 65.49987058]
 [68.5481326  93.63313918]
 [80.4651008  74.49775376]
 [80.5056129  45.49383343]
[81.         29.        ]
 [81.         30.5       ]
 [81.         32.        ]
 [80.69521836 34.04737193]
 [79.60233826 36.15662141]
 [76.95608209 39.21539692]
 [75.58772501 41.22180591]
 [75.03015643 43.24614744]
 [75.         44.        ]
 [75.         45.5       ]