[ 9.5        94.5       ]
 [ 0.3236664  79.23233405]
 [-0.50204802 63.96466819]
 [ 9.70610862 48.69699397]
 [ 9.48895003 33.42992019]
 [ 9.97576213 18.1422234 ]
 [24.09798233 10.74703152]
 [39.42501337  7.94547212]
 [50.41574272 23.64691728]
 [57.04629566 39.05336605]
[59.         46.75      ]
 [59.         45.25      ]
 [59.         44.        ]
 [59.30478164 41.95262807]
 [60.39766174 39.84337859]
 [63.04391791 36.78460308]
 [64.41227499 34.77819409]
 [64.96984357 32.75385256]
 [65.         31.75      ]
 [65.         30.25      ]