[ 1.5        97.5       ]
 [ 4.48847088 83.70192308]
 [ 4.09795216 69.90384611]
 [15.81370442 56.10577061]
 [25.52480009 42.30768402]
 [26.48842541 28.50816723]
 [26.50281142 14.80296973]
 [34.29327737  6.23478292]
 [39.59899357 16.87564246]
 [41.51871213 30.90779918]
[41.         34.75      ]
 [41.         33.25      ]
 [41.         32.        ]
 [40.69521836 29.95262807]
 [39.60233826 27.84337859]
 [36.95608209 24.78460308]
 [35.58772501 22.77819409]
 [35.03015643 20.75385256]
 [35.         19.75      ]
 [35.         18.25      ]