[ 4.5        90.5       ]
 [ 4.49081352 71.16956522]
 [11.12757055 51.83913041]
 [23.4946068  32.50868949]
 [23.57805708 13.17719621]
 [40.86512244  9.92305194]
 [55.57364515 29.48165677]
 [58.60668258 48.81304063]
 [58.49912061 68.14362201]
 [58.45611326 87.53549037]
[59.         94.75      ]
 [59.         93.25      ]
 [59.         92.        ]
 [59.30478164 89.95262807]
 [60.39766174 87.84337859]
 [63.04391791 84.78460308]
 [64.41227499 82.77819409]
 [64.96984357 80.75385256]
 [65.         79.75      ]
 [65.         78.25      ]