[14.5        93.5       ]
 [15.48159608 68.23272491]
 [26.47192812 42.96543309]
 [26.5348062  17.71716627]
 [42.57898357 11.56810198]
 [59.44798906 36.83637702]
 [59.49867232 62.10364952]
 [60.93934193 87.37181919]
 [79.80358156 85.30025804]
 [82.43753725 60.09287811]
[89.         41.        ]
 [89.         42.5       ]
 [89.         44.        ]
 [89.30478164 46.04737193]
 [90.39766174 48.15662141]
 [93.04391791 51.21539692]
 [94.41227499 53.22180591]
 [94.96984357 55.24614744]
 [95.         56.        ]
 [95.         57.5       ]