[13.5        93.5       ]
 [19.20413561 64.1685715 ]
 [26.49981218 34.83744013]
 [29.15641662  7.01507462]
 [56.91002697 27.82573651]
 [56.49943456 57.15714316]
 [60.40407136 86.48903238]
 [80.54643414 82.1855999 ]
 [80.50011574 52.84856919]
 [82.85783811 23.52057969]
[89.          5.        ]
 [89.          6.5       ]
 [89.          8.        ]
 [89.30478164 10.04737193]
 [90.39766174 12.15662141]
 [93.04391791 15.21539692]
 [94.41227499 17.22180591]
 [94.96984357 19.24614744]
 [95.         20.        ]
 [95.         21.5       ]