[ 5.5        93.5       ]
 [ 5.48662972 75.270073  ]
 [10.04843257 57.04014695]
 [14.50102552 38.81019089]
 [15.27603329 20.56372141]
 [32.71219382  6.2677859 ]
 [40.52861752 19.87963565]
 [41.47404981 38.10950067]
 [41.4999812  56.3400767 ]
 [41.48910128 74.48705003]
[41.         82.75      ]
 [41.         81.25      ]
 [41.         80.        ]
 [40.69521836 77.95262807]
 [39.60233826 75.84337859]
 [36.95608209 72.78460308]
 [35.58772501 70.77819409]
 [35.03015643 68.75385256]
 [35.         67.75      ]
 [35.         66.25      ]