[ 0.5        91.5       ]
 [ 3.49559618 77.13364055]
 [ 3.11558531 62.7672813 ]
 [16.54871949 48.40091032]
 [26.69686389 34.03510712]
 [26.51576424 19.6457771 ]
 [29.51794747  6.12729114]
 [43.95609478 13.11480592]
 [52.49645499 27.43066019]
 [58.2874764  41.94937047]
[59.         46.75      ]
 [59.         45.25      ]
 [59.         44.        ]
 [59.30478164 41.95262807]
 [60.39766174 39.84337859]
 [63.04391791 36.78460308]
 [64.41227499 34.77819409]
 [64.96984357 32.75385256]
 [65.         31.75      ]
 [65.         30.25      ]