[ 9.5        90.5       ]
 [10.48756233 72.46660482]
 [14.47069435 54.43320963]
 [26.57357114 36.39981572]
 [26.54840032 18.36668715]
 [34.67789864  6.53688716]
 [51.82227126 21.68836335]
 [56.51356577 39.73367763]
 [56.50246043 57.76797012]
 [57.35802665 76.0115087 ]
[59.         82.75      ]
 [59.         81.25      ]
 [59.         80.        ]
 [59.30478164 77.95262807]
 [60.39766174 75.84337859]
 [63.04391791 72.78460308]
 [64.41227499 70.77819409]
 [64.96984357 68.75385256]
 [65.         67.75      ]
 [65.         66.25      ]