[ 7.5        97.5       ]
 [ 7.5164689  77.56644518]
 [ 5.49870268 57.63288951]
 [ 3.553463   37.69909333]
 [ 3.37944367 17.70461509]
 [23.16803807 11.87340362]
 [41.38748113 12.0523619 ]
 [41.29912316 32.03458432]
 [56.61351094 51.96832388]
 [58.49577421 71.87798282]
[59.         82.75      ]
 [59.         81.25      ]
 [59.         80.        ]
 [59.30478164 77.95262807]
 [60.39766174 75.84337859]
 [63.04391791 72.78460308]
 [64.41227499 70.77819409]
 [64.96984357 68.75385256]
 [65.         67.75      ]
 [65.         66.25      ]