[12.5        96.5       ]
 [19.50203535 76.60118044]
 [25.52536831 56.7023607 ]
 [25.50029608 36.80349071]
 [25.52354956 16.89211182]
 [38.10282914  7.23568955]
 [52.49978483 26.89441527]
 [52.48017142 46.79174428]
 [56.6335969  66.6901688 ]
 [57.17907344 86.50818325]
[59.         94.75      ]
 [59.         93.25      ]
 [59.         92.        ]
 [59.30478164 89.95262807]
 [60.39766174 87.84337859]
 [63.04391791 84.78460308]
 [64.41227499 82.77819409]
 [64.96984357 80.75385256]
 [65.         79.75      ]
 [65.         78.25      ]