[ 1.5        92.5       ]
 [ 4.14779689 63.56651391]
 [26.08196421 34.6335028 ]
 [28.98525148  6.82134652]
 [52.42504219 27.23249886]
 [52.49964312 56.16742752]
 [59.04418613 85.0714403 ]
 [79.92964252 83.93667758]
 [80.76206711 55.03209859]
 [81.50047754 26.09835464]
[81.          5.        ]
 [81.          6.5       ]
 [81.          8.        ]
 [80.69521836 10.04737193]
 [79.60233826 12.15662141]
 [76.95608209 15.21539692]
 [75.58772501 17.22180591]
 [75.03015643 19.24614744]
 [75.         20.        ]
 [75.         21.5       ]