[ 6.5        93.5       ]
 [ 7.52860034 69.03351572]
 [24.69424983 44.56705065]
 [26.47017435 20.08420392]
 [39.33851544  8.44742052]
 [59.70195794 32.83241539]
 [59.50013148 57.29890594]
 [59.28700184 81.76522828]
 [79.74774441 91.92050121]
 [80.50036429 67.30490211]
[81.         53.        ]
 [81.         54.5       ]
 [81.         56.        ]
 [80.69521836 58.04737193]
 [79.60233826 60.15662141]
 [76.95608209 63.21539692]
 [75.58772501 65.22180591]
 [75.03015643 67.24614744]
 [75.         68.        ]
 [75.         69.5       ]