[11.5        96.5       ]
 [12.49997121 81.46659243]
 [12.51732952 66.43318486]
 [25.56069874 51.39977691]
 [26.49993241 36.36639563]
 [26.50150541 21.33126081]
 [28.65497977  6.40702959]
 [43.70081816 12.757426  ]
 [51.56942173 27.76831431]
 [58.57902662 42.70762777]
[59.         46.75      ]
 [59.         45.25      ]
 [59.         44.        ]
 [59.30478164 41.95262807]
 [60.39766174 39.84337859]
 [63.04391791 36.78460308]
 [64.41227499 34.77819409]
 [64.96984357 32.75385256]
 [65.         31.75      ]
 [65.         30.25      ]