[ 9.5        99.5       ]
 [20.57113192 81.5       ]
 [25.60437724 63.49999991]
 [25.41247281 45.5000093 ]
 [26.51243277 27.50177752]
 [26.5         9.5       ]
 [42.33018896 12.40760325]
 [50.50295442 30.49952757]
 [50.27670157 48.49883721]
 [58.25389784 66.18084851]
[59.         70.75      ]
 [59.         69.25      ]
 [59.         68.        ]
 [59.30478164 65.95262807]
 [60.39766174 63.84337859]
 [63.04391791 60.78460308]
 [64.41227499 58.77819409]
 [64.96984357 56.75385256]
 [65.         55.75      ]
 [65.         54.25      ]