[ 2.5        99.5       ]
 [ 3.49513786 83.13360324]
 [ 4.74307876 66.76720654]
 [20.9172369  50.40080738]
 [21.49721848 34.03431251]
 [21.26753995 17.69091357]
 [33.72200376  6.13993318]
 [40.45636352 19.06961552]
 [41.50568183 35.4296431 ]
 [41.54651579 52.00832674]
[41.         58.75      ]
 [41.         57.25      ]
 [41.         56.        ]
 [40.69521836 53.95262807]
 [39.60233826 51.84337859]
 [36.95608209 48.78460308]
 [35.58772501 46.77819409]
 [35.03015643 44.75385256]
 [35.         43.75      ]
 [35.         42.25      ]