[ 3.5        92.5       ]
 [25.58607449 63.56651391]
 [26.49939213 34.6335028 ]
 [28.98340044  6.82134652]
 [57.77938233 27.23249886]
 [57.50003268 56.16742752]
 [59.35764712 85.0714403 ]
 [79.92966721 83.93667758]
 [80.49964651 55.03209859]
 [81.64039087 26.09835464]
[89.          5.        ]
 [89.          6.5       ]
 [89.          8.        ]
 [89.30478164 10.04737193]
 [90.39766174 12.15662141]
 [93.04391791 15.21539692]
 [94.41227499 17.22180591]
 [94.96984357 19.24614744]
 [95.         20.        ]
 [95.         21.5       ]