[ 9.5        96.5       ]
 [16.6136451  70.70103091]
 [26.51365599 44.90208902]
 [26.52474166 19.07526231]
 [41.6789288  10.4448579 ]
 [59.49761522 36.49503364]
 [59.49988315 62.29383377]
 [61.9772501  88.14342282]
 [80.55068618 84.10795597]
 [83.42813998 58.29784932]
[89.         41.        ]
 [89.         42.5       ]
 [89.         44.        ]
 [89.30478164 46.04737193]
 [90.39766174 48.15662141]
 [93.04391791 51.21539692]
 [94.41227499 53.22180591]
 [94.96984357 55.24614744]
 [95.         56.        ]
 [95.         57.5       ]