[ 1.5        93.5       ]
 [ 2.29475051 65.16863339]
 [ 9.47308058 36.82694613]
 [24.49402553 10.50580089]
 [52.71280729 21.81421974]
 [59.50211136 50.15680478]
 [59.50077359 78.48807292]
 [79.06274104 91.46829815]
 [80.4994603  62.84926431]
 [83.48969034 34.51783941]
[89.         17.        ]
 [89.         18.5       ]
 [89.         20.        ]
 [89.30478164 22.04737193]
 [90.39766174 24.15662141]
 [93.04391791 27.21539692]
 [94.41227499 29.22180591]
 [94.96984357 31.24614744]
 [95.         32.        ]
 [95.         33.5       ]