[ 8.5        95.5       ]
 [16.49904269 71.2692304 ]
 [ 7.76476965 47.03884679]
 [ 4.63594765 22.52958563]
 [27.42144479  8.05435805]
 [51.65106406 20.64653802]
 [59.49759878 44.88461956]
 [59.50238874 69.11515234]
 [67.36879275 93.71641178]
 [79.4260926  80.42301048]
[81.         65.        ]
 [81.         66.5       ]
 [81.         68.        ]
 [80.69521836 70.04737193]
 [79.60233826 72.15662141]
 [76.95608209 75.21539692]
 [75.58772501 77.22180591]
 [75.03015643 79.24614744]
 [75.         80.        ]
 [75.         81.5       ]