[ 8.5        97.5       ]
 [ 9.31353787 70.16871161]
 [26.53749707 42.83743545]
 [26.50492023 15.5797062 ]
 [46.83599768 15.85394732]
 [59.50720756 43.15648293]
 [59.50034636 70.48821677]
 [71.79073977 94.80339259]
 [80.4731243  72.84847605]
 [83.93410822 45.51236353]
[89.         29.        ]
 [89.         30.5       ]
 [89.         32.        ]
 [89.30478164 34.04737193]
 [90.39766174 36.15662141]
 [93.04391791 39.21539692]
 [94.41227499 41.22180591]
 [94.96984357 43.24614744]
 [95.         44.        ]
 [95.         45.5       ]