[12.5        98.5       ]
 [13.50058435 78.46661102]
 [21.57801786 58.43322207]
 [26.49910446 38.39984352]
 [26.5049147  18.3691799 ]
 [36.64019255  6.57091263]
 [51.49894846 25.70033895]
 [56.60349005 45.7337234 ]
 [58.52311878 65.76722424]
 [58.4946544  85.82524425]
[59.         94.75      ]
 [59.         93.25      ]
 [59.         92.        ]
 [59.30478164 89.95262807]
 [60.39766174 87.84337859]
 [63.04391791 84.78460308]
 [64.41227499 82.77819409]
 [64.96984357 80.75385256]
 [65.         79.75      ]
 [65.         78.25      ]