[11.5        93.5       ]
 [11.50107978 74.70141303]
 [11.72513303 55.90274327]
 [ 5.54267137 37.09471569]
 [10.71873776 21.45291343]
 [29.48669846  6.88367992]
 [40.41373815 17.31841786]
 [41.50768945 36.09026964]
 [41.50005343 54.8889181 ]
 [41.49000961 73.62700526]
[41.         82.75      ]
 [41.         81.25      ]
 [41.         80.        ]
 [40.69521836 77.95262807]
 [39.60233826 75.84337859]
 [36.95608209 72.78460308]
 [35.58772501 70.77819409]
 [35.03015643 68.75385256]
 [35.         67.75      ]
 [35.         66.25      ]