[ 8.5        99.5       ]
 [ 8.49997429 72.23276924]
 [ 8.50984971 44.96546501]
 [ 4.872795   17.39072279]
 [30.56842381  6.68367536]
 [57.59536899 26.83614622]
 [59.50045662 54.10338563]
 [59.35862528 81.3705094 ]
 [79.70878913 89.53474801]
 [81.58572036 62.09468489]
[89.         41.        ]
 [89.         42.5       ]
 [89.         44.        ]
 [89.30478164 46.04737193]
 [90.39766174 48.15662141]
 [93.04391791 51.21539692]
 [94.41227499 53.22180591]
 [94.96984357 55.24614744]
 [95.         56.        ]
 [95.         57.5       ]