[10.5        96.5       ]
 [10.49993149 70.56649602]
 [10.55018096 44.63321414]
 [ 4.09077896 18.48767899]
 [28.23304644  7.18444509]
 [54.1279617  23.16559221]
 [59.50122587 49.10102156]
 [59.53438727 75.03040333]
 [75.18170019 94.8875161 ]
 [80.50000132 71.09801863]
[81.         53.        ]
 [81.         54.5       ]
 [81.         56.        ]
 [80.69521836 58.04737193]
 [79.60233826 60.15662141]
 [76.95608209 63.21539692]
 [75.58772501 65.22180591]
 [75.03015643 67.24614744]
 [75.         68.        ]
 [75.         69.5       ]