[11.5        92.5       ]
 [11.49883206 65.50000014]
 [ 9.59807749 38.49989661]
 [25.17697872 11.36438732]
 [50.41424972 19.47575019]
 [58.5        46.5       ]
 [58.52158271 73.49822249]
 [74.4830162  94.74994846]
 [80.50751796 70.50049184]
 [80.51438553 43.4842145 ]
[81.         29.        ]
 [81.         30.5       ]
 [81.         32.        ]
 [80.69521836 34.04737193]
 [79.60233826 36.15662141]
 [76.95608209 39.21539692]
 [75.58772501 41.22180591]
 [75.03015643 43.24614744]
 [75.         44.        ]
 [75.         45.5       ]