[ 2.5        91.5       ]
 [ 5.48023752 78.27135678]
 [ 5.25318965 65.0427137 ]
 [15.20583855 51.81407136]
 [26.44446775 38.58527025]
 [26.49616237 25.36049103]
 [26.43674215 12.19521956]
 [36.45503418  6.72201156]
 [39.47659451 18.3203728 ]
 [41.42647695 31.86657713]
[41.         34.75      ]
 [41.         33.25      ]
 [41.         32.        ]
 [40.69521836 29.95262807]
 [39.60233826 27.84337859]
 [36.95608209 24.78460308]
 [35.58772501 22.77819409]
 [35.03015643 20.75385256]
 [35.         19.75      ]
 [35.         18.25      ]