[ 7.5        97.5       ]
 [ 8.41640077 71.46662386]
 [26.92473575 45.43327582]
 [26.49792345 19.37489622]
 [41.62296178 10.49155172]
 [59.49495463 36.6668514 ]
 [59.49997805 62.70018018]
 [62.42239007 88.83459128]
 [80.12069296 83.21126839]
 [84.1011168  57.19476395]
[89.         41.        ]
 [89.         42.5       ]
 [89.         44.        ]
 [89.30478164 46.04737193]
 [90.39766174 48.15662141]
 [93.04391791 51.21539692]
 [94.41227499 53.22180591]
 [94.96984357 55.24614744]
 [95.         56.        ]
 [95.         57.5       ]