[11.5        93.5       ]
 [12.49774048 77.70168067]
 [13.1136549  61.90336106]
 [26.37336283 46.10506293]
 [26.49767794 30.30552753]
 [26.58855055 14.55863471]
 [36.3479388   6.42000938]
 [50.17163403 21.08821285]
 [54.55298605 36.88315038]
 [57.51717084 52.95614529]
[59.         58.75      ]
 [59.         57.25      ]
 [59.         56.        ]
 [59.30478164 53.95262807]
 [60.39766174 51.84337859]
 [63.04391791 48.78460308]
 [64.41227499 46.77819409]
 [64.96984357 44.75385256]
 [65.         43.75      ]
 [65.         42.25      ]