[13.5        98.5       ]
 [14.31884331 71.26894863]
 [26.48376203 44.03790929]
 [26.57734482 16.84913231]
 [45.4402454  14.42369948]
 [58.506341   41.65525634]
 [58.50037952 68.88631413]
 [70.07642642 94.70689377]
 [80.46888855 74.64782663]
 [80.50083812 47.42004486]
[81.         29.        ]
 [81.         30.5       ]
 [81.         32.        ]
 [80.69521836 34.04737193]
 [79.60233826 36.15662141]
 [76.95608209 39.21539692]
 [75.58772501 41.22180591]
 [75.03015643 43.24614744]
 [75.         44.        ]
 [75.         45.5       ]