[ 1.5        93.5       ]
 [17.19216317 77.70168067]
 [21.72591594 61.90336106]
 [21.49562751 46.10506293]
 [21.50827379 30.30552753]
 [21.1548531  14.55863471]
 [36.31819396  6.42000938]
 [40.58078438 21.08821285]
 [41.50695879 36.88315038]
 [41.5448103  52.95614529]
[41.         58.75      ]
 [41.         57.25      ]
 [41.         56.        ]
 [40.69521836 53.95262807]
 [39.60233826 51.84337859]
 [36.95608209 48.78460308]
 [35.58772501 46.77819409]
 [35.03015643 44.75385256]
 [35.         43.75      ]
 [35.         42.25      ]