[11.5        97.5       ]
 [12.48941276 80.13358778]
 [15.27430154 62.76717562]
 [26.49588558 45.40079178]
 [26.49997382 28.03342345]
 [26.53775355 10.41331937]
 [40.83967719 10.56831332]
 [51.38996319 28.06272629]
 [51.56346862 45.43234155]
 [57.04163874 62.92128977]
[59.         70.75      ]
 [59.         69.25      ]
 [59.         68.        ]
 [59.30478164 65.95262807]
 [60.39766174 63.84337859]
 [63.04391791 60.78460308]
 [64.41227499 58.77819409]
 [64.96984357 56.75385256]
 [65.         55.75      ]
 [65.         54.25      ]