[ 6.5        95.5       ]
 [ 7.49991583 81.5       ]
 [ 7.17738667 67.5       ]
 [10.41396806 53.49999997]
 [10.4893811  39.50000065]
 [10.5        25.5       ]
 [24.57472702 11.49903229]
 [37.52054304  7.37851167]
 [51.61418849 20.46733254]
 [59.0855908  32.37251043]
[59.         34.75      ]
 [59.         33.25      ]
 [59.         32.        ]
 [59.30478164 29.95262807]
 [60.39766174 27.84337859]
 [63.04391791 24.78460308]
 [64.41227499 22.77819409]
 [64.96984357 20.75385256]
 [65.         19.75      ]
 [65.         18.25      ]