[ 0.5        91.5       ]
 [ 1.48796763 73.56642068]
 [ 5.29733198 55.63284234]
 [21.29238    37.69912238]
 [21.42859585 19.74437978]
 [33.14219932  6.45304196]
 [40.59971404 20.07878225]
 [40.50029399 38.03498561]
 [40.49972915 55.96942867]
 [40.4703104  73.99128267]
[41.         82.75      ]
 [41.         81.25      ]
 [41.         80.        ]
 [40.69521836 77.95262807]
 [39.60233826 75.84337859]
 [36.95608209 72.78460308]
 [35.58772501 70.77819409]
 [35.03015643 68.75385256]
 [35.         67.75      ]
 [35.         66.25      ]