[10.5        91.5       ]
 [11.28837294 63.60084055]
 [26.48048716 35.70185965]
 [27.65694355  7.41126004]
 [55.36955008 24.10319252]
 [58.50036111 51.99579968]
 [58.31041303 79.91009858]
 [79.60605302 90.20625541]
 [80.50020505 62.30671441]
 [80.5140252  34.39932735]
[81.         17.        ]
 [81.         18.5       ]
 [81.         20.        ]
 [80.69521836 22.04737193]
 [79.60233826 24.15662141]
 [76.95608209 27.21539692]
 [75.58772501 29.22180591]
 [75.03015643 31.24614744]
 [75.         32.        ]
 [75.         33.5       ]