[12.5        92.5       ]
 [13.49722438 76.60147992]
 [14.22334874 60.70295935]
 [26.86956731 44.80447314]
 [26.49543875 28.90422716]
 [26.50097654 13.05366314]
 [37.76885204  6.7205261 ]
 [52.01622409 22.79721253]
 [58.59431468 38.68146722]
 [59.56106067 54.98584223]
[59.         58.75      ]
 [59.         57.25      ]
 [59.         56.        ]
 [59.30478164 53.95262807]
 [60.39766174 51.84337859]
 [63.04391791 48.78460308]
 [64.41227499 46.77819409]
 [64.96984357 44.75385256]
 [65.         43.75      ]
 [65.         42.25      ]