[ 2.5        95.5       ]
 [12.64769003 81.5       ]
 [13.31983813 67.5       ]
 [25.67429726 53.49999997]
 [26.50621179 39.50000065]
 [26.5        25.5       ]
 [26.32528472 11.49903229]
 [37.93787347  7.37851167]
 [39.92378472 20.46733254]
 [41.04950336 32.37251043]
[41.         34.75      ]
 [41.         33.25      ]
 [41.         32.        ]
 [40.69521836 29.95262807]
 [39.60233826 27.84337859]
 [36.95608209 24.78460308]
 [35.58772501 22.77819409]
 [35.03015643 20.75385256]
 [35.         19.75      ]
 [35.         18.25      ]