[ 7.5        92.5       ]
 [21.7830089  74.16972478]
 [26.62892753 55.83945119]
 [26.49999262 37.50917293]
 [26.49835269 19.15419568]
 [34.23255488  6.22414966]
 [52.48614403 21.48147308]
 [54.59075613 39.8118122 ]
 [57.41670652 58.14124263]
 [57.4948369  76.47489938]
[59.         82.75      ]
 [59.         81.25      ]
 [59.         80.        ]
 [59.30478164 77.95262807]
 [60.39766174 75.84337859]
 [63.04391791 72.78460308]
 [64.41227499 70.77819409]
 [64.96984357 68.75385256]
 [65.         67.75      ]
 [65.         66.25      ]