[ 8.5        91.5       ]
 [ 8.49786739 62.03348576]
 [ 6.57094729 32.57169015]
 [27.90133115  7.43273261]
 [52.67493134 26.36979908]
 [52.49811849 55.83254745]
 [59.4094509  85.23200677]
 [80.57300075 83.26214449]
 [80.50001919 53.76788348]
 [80.49974707 24.3004684 ]
[81.          5.        ]
 [81.          6.5       ]
 [81.          8.        ]
 [80.69521836 10.04737193]
 [79.60233826 12.15662141]
 [76.95608209 15.21539692]
 [75.58772501 17.22180591]
 [75.03015643 19.24614744]
 [75.         20.        ]
 [75.         21.5       ]