[ 2.5        96.5       ]
 [ 5.17530157 69.56650242]
 [26.497538   42.63304131]
 [26.46901818 15.73433352]
 [46.26723557 15.31544557]
 [58.50352561 42.16747296]
 [58.49036962 69.10175515]
 [70.01701743 94.14512301]
 [80.50172948 75.03200944]
 [80.49654326 48.09679627]
[81.         29.        ]
 [81.         30.5       ]
 [81.         32.        ]
 [80.69521836 34.04737193]
 [79.60233826 36.15662141]
 [76.95608209 39.21539692]
 [75.58772501 41.22180591]
 [75.03015643 43.24614744]
 [75.         44.        ]
 [75.         45.5       ]