[12.5        92.5       ]
 [13.32796304 65.50000014]
 [26.45634503 38.49989661]
 [26.49913033 11.36438732]
 [50.41384391 19.47575019]
 [58.5        46.5       ]
 [58.52158271 73.49822249]
 [74.48301683 94.74994846]
 [80.50834208 70.50049184]
 [81.57091802 43.4842145 ]
[81.         29.        ]
 [81.         30.5       ]
 [81.         32.        ]
 [80.69521836 34.04737193]
 [79.60233826 36.15662141]
 [76.95608209 39.21539692]
 [75.58772501 41.22180591]
 [75.03015643 43.24614744]
 [75.         44.        ]
 [75.         45.5       ]