[ 8.5        94.5       ]
 [13.49778838 74.0335515 ]
 [13.49024385 53.56707895]
 [ 7.13096371 33.09338106]
 [14.47864155 17.69616552]
 [35.03852105  6.11832767]
 [41.57375399 24.30567479]
 [41.50030874 44.76516613]
 [41.49993496 65.23118826]
 [41.49009909 85.6383005 ]
[41.         94.75      ]
 [41.         93.25      ]
 [41.         92.        ]
 [40.69521836 89.95262807]
 [39.60233826 87.84337859]
 [36.95608209 84.78460308]
 [35.58772501 82.77819409]
 [35.03015643 80.75385256]
 [35.         79.75      ]
 [35.         78.25      ]