[13.5        97.5       ]
 [14.3622094  68.23280718]
 [26.51307868 38.96549123]
 [26.65354599  9.35668696]
 [54.51692604 23.57693488]
 [56.49982819 52.83596056]
 [56.77026521 82.09620472]
 [79.49781607 86.63462598]
 [80.5002831  57.36247216]
 [81.03345131 28.0957629 ]
[89.          5.        ]
 [89.          6.5       ]
 [89.          8.        ]
 [89.30478164 10.04737193]
 [90.39766174 12.15662141]
 [93.04391791 15.21539692]
 [94.41227499 17.22180591]
 [94.96984357 19.24614744]
 [95.         20.        ]
 [95.         21.5       ]