[ 7.5        93.5       ]
 [ 8.49177105 74.13356165]
 [15.13069525 54.76712479]
 [23.4778972  35.4010058 ]
 [23.30620789 16.09178966]
 [38.33009559  7.5909681 ]
 [54.66671682 26.69865051]
 [59.79204901 46.06506987]
 [59.49976477 65.43148091]
 [59.4909651  84.75720127]
[59.         94.75      ]
 [59.         93.25      ]
 [59.         92.        ]
 [59.30478164 89.95262807]
 [60.39766174 87.84337859]
 [63.04391791 84.78460308]
 [64.41227499 82.77819409]
 [64.96984357 80.75385256]
 [65.         79.75      ]
 [65.         78.25      ]