[ 7.5        96.5       ]
 [ 8.48897497 79.03358925]
 [10.48257356 61.56717852]
 [10.50449119 44.10080622]
 [10.42722613 26.63402538]
 [25.91778852  8.78734032]
 [39.47759016 12.27492807]
 [40.50765125 29.76310126]
 [40.49990783 47.23176152]
 [40.45483547 64.97018494]
[41.         70.75      ]
 [41.         69.25      ]
 [41.         68.        ]
 [40.69521836 65.95262807]
 [39.60233826 63.84337859]
 [36.95608209 60.78460308]
 [35.58772501 58.77819409]
 [35.03015643 56.75385256]
 [35.         55.75      ]
 [35.         54.25      ]