[13.5        94.5       ]
 [14.48754084 76.03357532]
 [19.32648977 57.56715127]
 [26.50911615 39.1007487 ]
 [26.48057181 20.62709167]
 [32.91031288  6.11121659]
 [49.44024998 20.29270648]
 [54.99536863 38.76502301]
 [59.52385367 57.23299869]
 [59.52523078 75.84930637]
[59.         82.75      ]
 [59.         81.25      ]
 [59.         80.        ]
 [59.30478164 77.95262807]
 [60.39766174 75.84337859]
 [63.04391791 72.78460308]
 [64.41227499 70.77819409]
 [64.96984357 68.75385256]
 [65.         67.75      ]
 [65.         66.25      ]