[ 4.5        97.5       ]
 [ 5.500027   82.56637168]
 [ 5.46886702 67.63274336]
 [18.29675619 52.69911558]
 [26.51895585 37.76545014]
 [26.499697   22.83417841]
 [27.26981473  7.75703037]
 [42.06326494 10.96435856]
 [51.29575226 25.96904004]
 [58.23594857 40.99215235]
[59.         46.75      ]
 [59.         45.25      ]
 [59.         44.        ]
 [59.30478164 41.95262807]
 [60.39766174 39.84337859]
 [63.04391791 36.78460308]
 [64.41227499 34.77819409]
 [64.96984357 32.75385256]
 [65.         31.75      ]
 [65.         30.25      ]