[11.5        99.5       ]
 [25.46036022 69.60078387]
 [26.47264946 39.70155821]
 [26.39867376  9.76507377]
 [55.13858549 24.09566983]
 [58.50011935 53.99608566]
 [58.25876321 83.91275672]
 [80.38928348 84.18082826]
 [80.50012481 54.30626174]
 [82.09630514 24.41094444]
[89.          5.        ]
 [89.          6.5       ]
 [89.          8.        ]
 [89.30478164 10.04737193]
 [90.39766174 12.15662141]
 [93.04391791 15.21539692]
 [94.41227499 17.22180591]
 [94.96984357 19.24614744]
 [95.         20.        ]
 [95.         21.5       ]