[ 3.5        90.5       ]
 [ 3.50859401 71.16956522]
 [11.11211378 51.83913041]
 [23.49447785 32.50868949]
 [23.5762125  13.17719621]
 [40.5621792   9.92305194]
 [54.5784245  29.48165677]
 [56.5805679  48.81304063]
 [59.53990511 68.14362201]
 [59.54453408 87.53549037]
[59.         94.75      ]
 [59.         93.25      ]
 [59.         92.        ]
 [59.30478164 89.95262807]
 [60.39766174 87.84337859]
 [63.04391791 84.78460308]
 [64.41227499 82.77819409]
 [64.96984357 80.75385256]
 [65.         79.75      ]
 [65.         78.25      ]