[11.5        99.5       ]
 [12.54852727 75.60098177]
 [26.42782492 51.70196049]
 [26.50413537 27.80447454]
 [31.0995065   6.33596747]
 [54.99207879 23.99356134]
 [59.49609333 47.89411388]
 [59.48003096 71.79506677]
 [69.65034709 94.87178694]
 [79.50826597 78.41025913]
[81.         65.        ]
 [81.         66.5       ]
 [81.         68.        ]
 [80.69521836 70.04737193]
 [79.60233826 72.15662141]
 [76.95608209 75.21539692]
 [75.58772501 77.22180591]
 [75.03015643 79.24614744]
 [75.         80.        ]
 [75.         81.5       ]