[ 4.5        97.5       ]
 [ 5.49570907 83.70192308]
 [ 5.39075852 69.90384611]
 [ 6.72697012 56.10577061]
 [18.69579506 42.30768402]
 [26.58210718 28.50816723]
 [26.49855134 14.80296973]
 [34.30464266  6.23478292]
 [39.47350725 16.87564246]
 [40.49563474 30.90779918]
[41.         34.75      ]
 [41.         33.25      ]
 [41.         32.        ]
 [40.69521836 29.95262807]
 [39.60233826 27.84337859]
 [36.95608209 24.78460308]
 [35.58772501 22.77819409]
 [35.03015643 20.75385256]
 [35.         19.75      ]
 [35.         18.25      ]