[ 7.5        96.5       ]
 [ 8.40313891 69.13349703]
 [ 9.49918476 41.76655667]
 [16.71253669 18.12724176]
 [43.96175975 12.9209378 ]
 [59.53048894 40.33243891]
 [59.50278539 67.69869364]
 [69.05193441 94.12649222]
 [80.49093634 75.56451783]
 [80.49802691 48.19748924]
[81.         29.        ]
 [81.         30.5       ]
 [81.         32.        ]
 [80.69521836 34.04737193]
 [79.60233826 36.15662141]
 [76.95608209 39.21539692]
 [75.58772501 41.22180591]
 [75.03015643 43.24614744]
 [75.         44.        ]
 [75.         45.5       ]