[ 7.5        96.5       ]
 [26.39035655 67.13348413]
 [26.50004164 37.76682521]
 [27.35589161  7.97366414]
 [55.37545013 24.97234802]
 [56.50014026 54.33256479]
 [57.32214968 83.66950031]
 [80.52787413 84.93421552]
 [80.50000197 55.56787337]
 [81.21324717 26.20266265]
[89.          5.        ]
 [89.          6.5       ]
 [89.          8.        ]
 [89.30478164 10.04737193]
 [90.39766174 12.15662141]
 [93.04391791 15.21539692]
 [94.41227499 17.22180591]
 [94.96984357 19.24614744]
 [95.         20.        ]
 [95.         21.5       ]