[10.5        92.5       ]
 [17.42838003 69.56647394]
 [25.51377747 46.63295946]
 [26.48666098 23.70533726]
 [34.31940483  6.21052873]
 [57.24041539 26.16857863]
 [59.49822352 49.10114872]
 [59.49968511 72.03424537]
 [69.02221791 93.87836098]
 [79.46888683 80.11014624]
[81.         65.        ]
 [81.         66.5       ]
 [81.         68.        ]
 [80.69521836 70.04737193]
 [79.60233826 72.15662141]
 [76.95608209 75.21539692]
 [75.58772501 77.22180591]
 [75.03015643 79.24614744]
 [75.         80.        ]
 [75.         81.5       ]