[10.5        94.5       ]
 [11.49666912 78.46659708]
 [12.3602274  62.43319397]
 [26.09763466 46.39980281]
 [26.50129414 30.36594566]
 [26.48271362 14.32650394]
 [36.54101675  6.96337551]
 [51.12326935 21.72569837]
 [53.45683625 37.76277001]
 [58.29834358 53.95226404]
[59.         58.75      ]
 [59.         57.25      ]
 [59.         56.        ]
 [59.30478164 53.95262807]
 [60.39766174 51.84337859]
 [63.04391791 48.78460308]
 [64.41227499 46.77819409]
 [64.96984357 44.75385256]
 [65.         43.75      ]
 [65.         42.25      ]