[ 8.5        95.5       ]
 [ 9.33218567 68.46662546]
 [26.61526005 41.43325059]
 [26.40937142 14.39935795]
 [47.66547124 16.67984349]
 [59.49848762 43.66687681]
 [59.48722475 70.70178032]
 [71.6982467  94.42582626]
 [80.50556801 73.23500248]
 [83.4723403  46.19204041]
[89.         29.        ]
 [89.         30.5       ]
 [89.         32.        ]
 [89.30478164 34.04737193]
 [90.39766174 36.15662141]
 [93.04391791 39.21539692]
 [94.41227499 41.22180591]
 [94.96984357 43.24614744]
 [95.         44.        ]
 [95.         45.5       ]