[ 9.5        95.5       ]
 [10.39077995 66.03348468]
 [26.47651683 36.56697073]
 [28.20897387  7.41913919]
 [56.61404883 26.36979254]
 [57.50024342 55.83254744]
 [58.87160581 85.23200677]
 [80.57253997 83.26214449]
 [81.57067541 53.76788348]
 [82.56646276 24.3004684 ]
[89.          5.        ]
 [89.          6.5       ]
 [89.          8.        ]
 [89.30478164 10.04737193]
 [90.39766174 12.15662141]
 [93.04391791 15.21539692]
 [94.41227499 17.22180591]
 [94.96984357 19.24614744]
 [95.         20.        ]
 [95.         21.5       ]