[12.5        98.5       ]
 [13.48827869 79.60124334]
 [19.0986414  60.70248624]
 [26.52961802 41.80367151]
 [26.49351997 22.90132234]
 [30.90246777  6.61367383]
 [49.22104847 18.89274716]
 [51.50419524 37.79130757]
 [52.00642929 56.69102361]
 [57.5365568  75.60031511]
[59.         82.75      ]
 [59.         81.25      ]
 [59.         80.        ]
 [59.30478164 77.95262807]
 [60.39766174 75.84337859]
 [63.04391791 72.78460308]
 [64.41227499 70.77819409]
 [64.96984357 68.75385256]
 [65.         67.75      ]
 [65.         66.25      ]