[ 3.5        90.5       ]
 [ 4.48368682 65.26912929]
 [22.96566896 40.03825885]
 [26.44671428 14.8070775 ]
 [45.43587618 14.47114804]
 [59.52648071 39.65427926]
 [59.50218215 64.88495799]
 [64.02733164 90.34186311]
 [80.5807556  82.68367602]
 [80.41490105 57.40645765]
[81.         41.        ]
 [81.         42.5       ]
 [81.         44.        ]
 [80.69521836 46.04737193]
 [79.60233826 48.15662141]
 [76.95608209 51.21539692]
 [75.58772501 53.22180591]
 [75.03015643 55.24614744]
 [75.         56.        ]
 [75.         57.5       ]