[ 7.5        94.5       ]
 [17.45742318 76.03357532]
 [25.7144144  57.56715127]
 [26.4993813  39.1007487 ]
 [26.48076885 20.62709167]
 [32.90849844  6.11121659]
 [49.3161512  20.29270648]
 [52.50647738 38.76502301]
 [52.58069209 57.23299869]
 [56.9027254  75.84930637]
[59.         82.75      ]
 [59.         81.25      ]
 [59.         80.        ]
 [59.30478164 77.95262807]
 [60.39766174 75.84337859]
 [63.04391791 72.78460308]
 [64.41227499 70.77819409]
 [64.96984357 68.75385256]
 [65.         67.75      ]
 [65.         66.25      ]