[ 9.5        98.5       ]
 [10.31753146 71.26894863]
 [26.54141437 44.03790929]
 [26.57746006 16.84913231]
 [45.43376967 14.42369948]
 [59.51305519 41.65525634]
 [59.50797111 68.88631413]
 [70.0719455  94.70689377]
 [80.46889753 74.64782663]
 [80.50083812 47.42004486]
[81.         29.        ]
 [81.         30.5       ]
 [81.         32.        ]
 [80.69521836 34.04737193]
 [79.60233826 36.15662141]
 [76.95608209 39.21539692]
 [75.58772501 41.22180591]
 [75.03015643 43.24614744]
 [75.         44.        ]
 [75.         45.5       ]