[ 1.5        91.5       ]
 [ 4.48023462 78.27135678]
 [ 4.2532767  65.0427137 ]
 [14.20652356 51.81407136]
 [25.33738587 38.58527025]
 [26.4714167  25.36049103]
 [26.43986895 12.19521956]
 [36.15055023  6.72201156]
 [49.34592475 18.3203728 ]
 [59.34914457 31.86657713]
[59.         34.75      ]
 [59.         33.25      ]
 [59.         32.        ]
 [59.30478164 29.95262807]
 [60.39766174 27.84337859]
 [63.04391791 24.78460308]
 [64.41227499 22.77819409]
 [64.96984357 20.75385256]
 [65.         19.75      ]
 [65.         18.25      ]