[13.5        91.5       ]
 [14.55547816 68.46661823]
 [26.75817117 45.43325429]
 [26.49505041 22.40604133]
 [35.69042201  6.67135576]
 [58.60104232 27.66657665]
 [59.5000469  50.70028978]
 [59.51329168 73.73148099]
 [70.76473987 94.33305167]
 [79.43190525 78.2248848 ]
[81.         65.        ]
 [81.         66.5       ]
 [81.         68.        ]
 [80.69521836 70.04737193]
 [79.60233826 72.15662141]
 [76.95608209 75.21539692]
 [75.58772501 77.22180591]
 [75.03015643 79.24614744]
 [75.         80.        ]
 [75.         81.5       ]