[ 7.5        90.5       ]
 [ 8.3869114  64.13350126]
 [26.87364879 37.76700413]
 [26.34184957 11.39960108]
 [49.96473217 18.95827176]
 [58.49392507 45.3325149 ]
 [58.47736019 71.70078165]
 [72.03732703 94.45309573]
 [80.50445559 73.56970806]
 [80.4966411  47.19475022]
[81.         29.        ]
 [81.         30.5       ]
 [81.         32.        ]
 [80.69521836 34.04737193]
 [79.60233826 36.15662141]
 [76.95608209 39.21539692]
 [75.58772501 41.22180591]
 [75.03015643 43.24614744]
 [75.         44.        ]
 [75.         45.5       ]