[14.5        97.5       ]
 [20.52704116 84.13366337]
 [20.14512649 70.7673267 ]
 [26.49588102 57.40099017]
 [26.49838202 44.03468397]
 [26.49996495 30.66712028]
 [26.5004035  17.30762471]
 [30.88138348  6.51003335]
 [44.45136323  6.52253039]
 [57.69530424  7.53437765]
[59.          5.        ]
 [59.          6.5       ]
 [59.          8.        ]
 [59.30478164 10.04737193]
 [60.39766174 12.15662141]
 [63.04391791 15.21539692]
 [64.41227499 17.22180591]
 [64.96984357 19.24614744]
 [65.         20.        ]
 [65.         21.5       ]