[12.5        93.5       ]
 [18.52593324 80.13366336]
 [18.18525863 66.76732682]
 [26.52013461 53.4009899 ]
 [26.50776734 40.03457008]
 [26.50573739 26.67158773]
 [26.47177077 13.28655032]
 [35.13101317  6.13948739]
 [48.38247251 17.44417206]
 [58.55247461 30.7052032 ]
[59.         34.75      ]
 [59.         33.25      ]
 [59.         32.        ]
 [59.30478164 29.95262807]
 [60.39766174 27.84337859]
 [63.04391791 24.78460308]
 [64.41227499 22.77819409]
 [64.96984357 20.75385256]
 [65.         19.75      ]
 [65.         18.25      ]