[ 4.5        90.5       ]
 [ 5.38600009 64.13350126]
 [25.53880994 37.76700413]
 [26.34242835 11.39960108]
 [49.96473245 18.95827176]
 [58.49392507 45.3325149 ]
 [58.47736019 71.70078165]
 [72.03732736 94.45309573]
 [80.5051998  73.56970806]
 [81.60781792 47.19475022]
[81.         29.        ]
 [81.         30.5       ]
 [81.         32.        ]
 [80.69521836 34.04737193]
 [79.60233826 36.15662141]
 [76.95608209 39.21539692]
 [75.58772501 41.22180591]
 [75.03015643 43.24614744]
 [75.         44.        ]
 [75.         45.5       ]