[ 4.5        92.5       ]
 [ 5.29495909 64.70095711]
 [26.61809537 36.90201965]
 [26.79119383  8.76189879]
 [53.7959133  22.70342035]
 [59.49923473 50.49521336]
 [59.50433086 78.30027628]
 [79.34024127 91.84292187]
 [80.49681444 64.10749726]
 [82.58667732 36.30775314]
[89.         17.        ]
 [89.         18.5       ]
 [89.         20.        ]
 [89.30478164 22.04737193]
 [90.39766174 24.15662141]
 [93.04391791 27.21539692]
 [94.41227499 29.22180591]
 [94.96984357 31.24614744]
 [95.         32.        ]
 [95.         33.5       ]