[ 7.5        99.5       ]
 [ 8.49970496 84.27074236]
 [ 8.63054341 69.04148473]
 [22.1864462  53.81222628]
 [25.51768545 38.58302655]
 [25.48585078 23.34991636]
 [26.4740387   8.40591145]
 [40.1116579  10.99042839]
 [40.49506806 26.33067853]
 [40.939641   41.88757129]
[41.         46.75      ]
 [41.         45.25      ]
 [41.         44.        ]
 [40.69521836 41.95262807]
 [39.60233826 39.84337859]
 [36.95608209 36.78460308]
 [35.58772501 34.77819409]
 [35.03015643 32.75385256]
 [35.         31.75      ]
 [35.         30.25      ]