[ 6.5        90.5       ]
 [ 7.54598821 66.56648199]
 [23.67477285 42.63296355]
 [26.54057261 18.69967709]
 [40.22700964  9.08135373]
 [59.54912039 33.16745168]
 [59.49994215 57.10107646]
 [59.30436464 81.0580843 ]
 [78.36751411 93.44048568]
 [83.64714248 69.09910239]
[89.         53.        ]
 [89.         54.5       ]
 [89.         56.        ]
 [89.30478164 58.04737193]
 [90.39766174 60.15662141]
 [93.04391791 63.21539692]
 [94.41227499 65.22180591]
 [94.96984357 67.24614744]
 [95.         68.        ]
 [95.         69.5       ]