[ 3.5        99.5       ]
 [ 4.49788519 85.56635071]
 [ 4.29291532 71.63270141]
 [14.32931629 57.69905273]
 [26.70834535 43.76539088]
 [26.50205577 29.83154494]
 [26.57984435 15.92757807]
 [33.04175717  6.10932868]
 [46.95073603 16.00586606]
 [58.61481974 29.81712109]
[59.         34.75      ]
 [59.         33.25      ]
 [59.         32.        ]
 [59.30478164 29.95262807]
 [60.39766174 27.84337859]
 [63.04391791 24.78460308]
 [64.41227499 22.77819409]
 [64.96984357 20.75385256]
 [65.         19.75      ]
 [65.         18.25      ]