[12.5        92.5       ]
 [21.43897412 76.60147992]
 [21.50155601 60.70295935]
 [21.49996366 44.80447314]
 [21.50049737 28.90422716]
 [22.21182328 13.05366314]
 [37.76935897  6.7205261 ]
 [40.49504625 22.79721253]
 [41.60558597 38.68146722]
 [41.55128066 54.98584223]
[41.         58.75      ]
 [41.         57.25      ]
 [41.         56.        ]
 [40.69521836 53.95262807]
 [39.60233826 51.84337859]
 [36.95608209 48.78460308]
 [35.58772501 46.77819409]
 [35.03015643 44.75385256]
 [35.         43.75      ]
 [35.         42.25      ]