[ 9.5        98.5       ]
 [10.49996334 78.46661102]
 [10.49999944 58.43322207]
 [10.4999462  38.39984352]
 [16.64618842 18.3691799 ]
 [36.63947628  6.57091263]
 [41.52448331 25.70033895]
 [41.50014559 45.7337234 ]
 [41.50002573 65.76722424]
 [41.50547825 85.82524425]
[41.         94.75      ]
 [41.         93.25      ]
 [41.         92.        ]
 [40.69521836 89.95262807]
 [39.60233826 87.84337859]
 [36.95608209 84.78460308]
 [35.58772501 82.77819409]
 [35.03015643 80.75385256]
 [35.         79.75      ]
 [35.         78.25      ]