[ 5.5        93.5       ]
 [ 6.4978976  77.70168067]
 [ 7.09646006 61.90336106]
 [22.07823647 46.10506293]
 [26.47830095 30.30552753]
 [26.58881759 14.55863471]
 [36.34699136  6.42000938]
 [49.99534752 21.08821285]
 [52.41877241 36.88315038]
 [57.46054785 52.95614529]
[59.         58.75      ]
 [59.         57.25      ]
 [59.         56.        ]
 [59.30478164 53.95262807]
 [60.39766174 51.84337859]
 [63.04391791 48.78460308]
 [64.41227499 46.77819409]
 [64.96984357 44.75385256]
 [65.         43.75      ]
 [65.         42.25      ]