[ 8.5        95.5       ]
 [21.83136594 82.27135678]
 [26.44633541 69.04271357]
 [26.49956217 55.81407034]
 [26.49998657 42.58542934]
 [26.50181889 29.35673172]
 [26.53293545 16.12719623]
 [32.00743526  6.21031627]
 [45.3413635   6.52618212]
 [58.92671477  8.31308336]
[59.          5.        ]
 [59.          6.5       ]
 [59.          8.        ]
 [59.30478164 10.04737193]
 [60.39766174 12.15662141]
 [63.04391791 15.21539692]
 [64.41227499 17.22180591]
 [64.96984357 19.24614744]
 [65.         20.        ]
 [65.         21.5       ]