[ 7.5        91.5       ]
 [ 8.49913688 75.17010296]
 [ 9.03775358 58.8402187 ]
 [ 9.5017312  42.50976308]
 [ 9.46487731 26.16588822]
 [20.14660182 15.18818996]
 [36.57872967  6.77572356]
 [52.08504854 21.80286788]
 [52.5525239  38.1403848 ]
 [58.22800581 54.15728636]
[59.         58.75      ]
 [59.         57.25      ]
 [59.         56.        ]
 [59.30478164 53.95262807]
 [60.39766174 51.84337859]
 [63.04391791 48.78460308]
 [64.41227499 46.77819409]
 [64.96984357 44.75385256]
 [65.         43.75      ]
 [65.         42.25      ]