[ 2.5        91.5       ]
 [ 3.49246423 74.70158104]
 [ 5.36848925 57.90316129]
 [18.54150621 41.10472105]
 [18.59481105 24.31332807]
 [27.55693008  7.16359623]
 [39.61864481 13.35502513]
 [41.0281865  30.08726797]
 [41.50187298 46.88830589]
 [41.52486923 63.83560761]
[41.         70.75      ]
 [41.         69.25      ]
 [41.         68.        ]
 [40.69521836 65.95262807]
 [39.60233826 63.84337859]
 [36.95608209 60.78460308]
 [35.58772501 58.77819409]
 [35.03015643 56.75385256]
 [35.         55.75      ]
 [35.         54.25      ]