[ 2.5        93.5       ]
 [18.90197599 64.1685715 ]
 [26.49957828 34.83744013]
 [29.15686224  7.01507462]
 [58.2864112  27.82573651]
 [59.50010286 57.15714316]
 [60.14604732 86.48903238]
 [80.54639401 82.1855999 ]
 [80.49997626 52.84856919]
 [80.49686558 23.52057969]
[81.          5.        ]
 [81.          6.5       ]
 [81.          8.        ]
 [80.69521836 10.04737193]
 [79.60233826 12.15662141]
 [76.95608209 15.21539692]
 [75.58772501 17.22180591]
 [75.03015643 19.24614744]
 [75.         20.        ]
 [75.         21.5       ]