[ 6.5        97.5       ]
 [ 7.48991404 80.13358778]
 [10.2660455  62.76717562]
 [26.32927974 45.40079178]
 [26.49984816 28.03342345]
 [26.53289826 10.41331937]
 [41.67248709 10.56831332]
 [50.44556056 28.06272629]
 [50.47314696 45.43234155]
 [57.04872472 62.92128977]
[59.         70.75      ]
 [59.         69.25      ]
 [59.         68.        ]
 [59.30478164 65.95262807]
 [60.39766174 63.84337859]
 [63.04391791 60.78460308]
 [64.41227499 58.77819409]
 [64.96984357 56.75385256]
 [65.         55.75      ]
 [65.         54.25      ]