[13.5        99.5       ]
 [16.49963512 79.56644518]
 [17.50471558 59.63289033]
 [17.49980133 39.69932611]
 [17.44043988 19.76339643]
 [35.17555681  6.40309777]
 [41.44197569 24.10014867]
 [41.49964875 44.03487599]
 [41.49996028 63.96832563]
 [41.49199648 83.87798283]
[41.         94.75      ]
 [41.         93.25      ]
 [41.         92.        ]
 [40.69521836 89.95262807]
 [39.60233826 87.84337859]
 [36.95608209 84.78460308]
 [35.58772501 82.77819409]
 [35.03015643 80.75385256]
 [35.         79.75      ]
 [35.         78.25      ]