[ 8.5        92.5       ]
 [ 4.26195106 74.70149256]
 [ 2.66132834 56.90298621]
 [ 5.49520716 39.10421362]
 [ 5.91093081 21.29486659]
 [22.48441559 12.6730959 ]
 [39.2017679   8.94506348]
 [41.51140879 27.09052578]
 [41.50063297 44.88958236]
 [41.50329779 62.7064613 ]
[41.         70.75      ]
 [41.         69.25      ]
 [41.         68.        ]
 [40.69521836 65.95262807]
 [39.60233826 63.84337859]
 [36.95608209 60.78460308]
 [35.58772501 58.77819409]
 [35.03015643 56.75385256]
 [35.         55.75      ]
 [35.         54.25      ]