[13.5        94.5       ]
 [ 6.52003205 64.26872242]
 [ 2.49506508 34.03718617]
 [21.19509124 13.72601738]
 [51.53861624 20.41866193]
 [56.50003719 50.65639015]
 [56.75459137 80.90468579]
 [79.78983237 86.78949696]
 [80.49984663 56.64974666]
 [80.49284204 26.42270538]
[81.          5.        ]
 [81.          6.5       ]
 [81.          8.        ]
 [80.69521836 10.04737193]
 [79.60233826 12.15662141]
 [76.95608209 15.21539692]
 [75.58772501 17.22180591]
 [75.03015643 19.24614744]
 [75.         20.        ]
 [75.         21.5       ]