[ 9.5        91.5       ]
 [10.39352334 65.23274791]
 [26.69561968 38.96534725]
 [26.40997253 12.79927902]
 [48.56703088 17.56703001]
 [59.49960075 43.83629205]
 [59.49309014 70.10465389]
 [70.36574551 94.23490515]
 [80.50062906 75.36197899]
 [82.02429704 49.09366204]
[89.         29.        ]
 [89.         30.5       ]
 [89.         32.        ]
 [89.30478164 34.04737193]
 [90.39766174 36.15662141]
 [93.04391791 39.21539692]
 [94.41227499 41.22180591]
 [94.96984357 43.24614744]
 [95.         44.        ]
 [95.         45.5       ]