[13.5        98.5       ]
 [19.50007332 78.46661102]
 [19.50000096 58.43322207]
 [19.50006342 38.39984352]
 [19.51661145 18.3691799 ]
 [36.64068602  6.57091263]
 [40.52793602 25.70033895]
 [41.49948011 45.7337234 ]
 [41.50002186 65.76722424]
 [41.50547823 85.82524425]
[41.         94.75      ]
 [41.         93.25      ]
 [41.         92.        ]
 [40.69521836 89.95262807]
 [39.60233826 87.84337859]
 [36.95608209 84.78460308]
 [35.58772501 82.77819409]
 [35.03015643 80.75385256]
 [35.         79.75      ]
 [35.         78.25      ]