[12.5        90.5       ]
 [18.60172981 66.56648199]
 [26.45989153 42.63296355]
 [26.54051146 18.69967709]
 [40.22700969  9.08135373]
 [59.54912039 33.16745168]
 [59.49994216 57.10107646]
 [59.30435911 81.0580843 ]
 [78.37002177 93.44048568]
 [80.50137614 69.09910239]
[81.         53.        ]
 [81.         54.5       ]
 [81.         56.        ]
 [80.69521836 58.04737193]
 [79.60233826 60.15662141]
 [76.95608209 63.21539692]
 [75.58772501 65.22180591]
 [75.03015643 67.24614744]
 [75.         68.        ]
 [75.         69.5       ]