[ 6.5        91.5       ]
 [ 6.50000579 66.46662211]
 [ 6.49151768 41.43331865]
 [10.61302425 19.50202706]
 [35.63349305  6.5431746 ]
 [59.55873393 29.6667772 ]
 [59.4999331  54.70026436]
 [59.47502551 79.73607007]
 [78.6482291  93.33233706]
 [84.65578599 68.20240612]
[89.         53.        ]
 [89.         54.5       ]
 [89.         56.        ]
 [89.30478164 58.04737193]
 [90.39766174 60.15662141]
 [93.04391791 63.21539692]
 [94.41227499 65.22180591]
 [94.96984357 67.24614744]
 [95.         68.        ]
 [95.         69.5       ]