[ 4.5        95.5       ]
 [ 5.50000027 80.70179372]
 [ 5.41446052 65.90358744]
 [17.86867663 51.10538115]
 [25.5314174  36.30717605]
 [25.48033551 21.50889924]
 [28.32145079  7.14998483]
 [39.63888384 11.95609808]
 [40.47696123 26.88252329]
 [40.44773231 42.00227283]
[41.         46.75      ]
 [41.         45.25      ]
 [41.         44.        ]
 [40.69521836 41.95262807]
 [39.60233826 39.84337859]
 [36.95608209 36.78460308]
 [35.58772501 34.77819409]
 [35.03015643 32.75385256]
 [35.         31.75      ]
 [35.         30.25      ]