[ 5.5        99.5       ]
 [ 5.5        84.46659243]
 [ 5.5        69.4331849 ]
 [ 5.49999972 54.3997738 ]
 [ 5.50001928 39.36661337]
 [ 5.49877229 24.31697105]
 [16.69543964 18.39676476]
 [31.73405539  6.44701992]
 [46.76177887 15.76896345]
 [58.55308283 30.70761381]
[59.         34.75      ]
 [59.         33.25      ]
 [59.         32.        ]
 [59.30478164 29.95262807]
 [60.39766174 27.84337859]
 [63.04391791 24.78460308]
 [64.41227499 22.77819409]
 [64.96984357 20.75385256]
 [65.         19.75      ]
 [65.         18.25      ]