[ 3.5        90.5       ]
 [18.63221774 75.23233405]
 [24.01377944 59.9646681 ]
 [26.50907559 44.69700201]
 [26.50148389 29.42934587]
 [26.38805453 14.16102994]
 [36.12744644  6.89448454]
 [51.69068785 20.35702944]
 [54.53580066 35.63909023]
 [56.98775608 51.05351102]
[59.         58.75      ]
 [59.         57.25      ]
 [59.         56.        ]
 [59.30478164 53.95262807]
 [60.39766174 51.84337859]
 [63.04391791 48.78460308]
 [64.41227499 46.77819409]
 [64.96984357 44.75385256]
 [65.         43.75      ]
 [65.         42.25      ]