[14.5        92.5       ]
 [17.48418557 73.03356283]
 [24.36933168 53.56712771]
 [24.49806126 34.10115928]
 [24.29271885 14.72644198]
 [39.81785397  8.42087378]
 [57.9241384  28.29642815]
 [57.50198897 47.76505424]
 [57.50050285 67.23195029]
 [57.52322595 86.71910967]
[59.         94.75      ]
 [59.         93.25      ]
 [59.         92.        ]
 [59.30478164 89.95262807]
 [60.39766174 87.84337859]
 [63.04391791 84.78460308]
 [64.41227499 82.77819409]
 [64.96984357 80.75385256]
 [65.         79.75      ]
 [65.         78.25      ]