[ 6.5        99.5       ]
 [23.42408126 69.60078387]
 [26.50005725 39.70155821]
 [26.39871484  9.76507377]
 [55.22702652 24.09566983]
 [56.50006394 53.99608566]
 [58.07588411 83.91275672]
 [80.38920469 84.18082826]
 [80.50012477 54.30626174]
 [82.09630514 24.41094444]
[89.          5.        ]
 [89.          6.5       ]
 [89.          8.        ]
 [89.30478164 10.04737193]
 [90.39766174 12.15662141]
 [93.04391791 15.21539692]
 [94.41227499 17.22180591]
 [94.96984357 19.24614744]
 [95.         20.        ]
 [95.         21.5       ]