[ 6.5        92.5       ]
 [13.49384614 73.03356283]
 [13.4998336  53.56712771]
 [13.47765052 34.10115928]
 [20.36630988 14.72644198]
 [38.7342592   8.42087378]
 [40.50577092 28.29642815]
 [40.50002629 47.76505424]
 [40.49992503 67.23195029]
 [40.49649032 86.71910967]
[41.         94.75      ]
 [41.         93.25      ]
 [41.         92.        ]
 [40.69521836 89.95262807]
 [39.60233826 87.84337859]
 [36.95608209 84.78460308]
 [35.58772501 82.77819409]
 [35.03015643 80.75385256]
 [35.         79.75      ]
 [35.         78.25      ]