[11.5        96.5       ]
 [12.33455007 69.56650242]
 [26.49811289 42.63304131]
 [26.46901505 15.73433352]
 [46.25969815 15.31544557]
 [59.5001875  42.16747296]
 [59.49533632 69.10175515]
 [70.03400078 94.14512301]
 [80.50192594 75.03200944]
 [82.43517344 48.09679627]
[89.         29.        ]
 [89.         30.5       ]
 [89.         32.        ]
 [89.30478164 34.04737193]
 [90.39766174 36.15662141]
 [93.04391791 39.21539692]
 [94.41227499 41.22180591]
 [94.96984357 43.24614744]
 [95.         44.        ]
 [95.         45.5       ]