[ 6.5        98.5       ]
 [ 7.49950308 83.17032967]
 [ 7.69668925 67.84065937]
 [21.64691942 52.51098663]
 [25.52826356 37.18148759]
 [25.49878842 21.84061027]
 [28.13320934  7.38735132]
 [40.18869594 12.80644121]
 [41.60393707 28.1425836 ]
 [41.19360183 42.87261893]
[41.         46.75      ]
 [41.         45.25      ]
 [41.         44.        ]
 [40.69521836 41.95262807]
 [39.60233826 39.84337859]
 [36.95608209 36.78460308]
 [35.58772501 34.77819409]
 [35.03015643 32.75385256]
 [35.         31.75      ]
 [35.         30.25      ]