[ 1.5        91.5       ]
 [ 0.24995199 75.50000001]
 [-0.46050424 59.49999936]
 [13.53376348 43.50004224]
 [21.54532219 27.4982332 ]
 [23.5        11.5       ]
 [38.9644761   8.22063553]
 [40.85302598 24.50659626]
 [41.51043095 40.50531192]
 [41.08259147 55.50555036]
[41.         58.75      ]
 [41.         57.25      ]
 [41.         56.        ]
 [40.69521836 53.95262807]
 [39.60233826 51.84337859]
 [36.95608209 48.78460308]
 [35.58772501 46.77819409]
 [35.03015643 44.75385256]
 [35.         43.75      ]
 [35.         42.25      ]