[ 3.5        97.5       ]
 [ 4.48941272 80.13358778]
 [ 7.27430218 62.76717562]
 [18.49624407 45.40079178]
 [18.48827386 28.03342345]
 [24.35068905 10.41331937]
 [39.300638   10.56831332]
 [40.50564039 28.06272629]
 [40.49972616 45.43234155]
 [40.47263867 62.92128977]
[41.         70.75      ]
 [41.         69.25      ]
 [41.         68.        ]
 [40.69521836 65.95262807]
 [39.60233826 63.84337859]
 [36.95608209 60.78460308]
 [35.58772501 58.77819409]
 [35.03015643 56.75385256]
 [35.         55.75      ]
 [35.         54.25      ]