[ 0.5        97.5       ]
 [16.00053133 80.13358778]
 [25.364581   62.76717562]
 [25.8979826  45.40079178]
 [26.50151597 28.03342345]
 [26.5446808  10.41331937]
 [39.90591972 10.56831332]
 [47.46933531 28.06272629]
 [49.02596149 45.43234155]
 [57.05201268 62.92128977]
[59.         70.75      ]
 [59.         69.25      ]
 [59.         68.        ]
 [59.30478164 65.95262807]
 [60.39766174 63.84337859]
 [63.04391791 60.78460308]
 [64.41227499 58.77819409]
 [64.96984357 56.75385256]
 [65.         55.75      ]
 [65.         54.25      ]