[ 3.5        90.5       ]
 [18.86156607 62.5       ]
 [26.49979277 34.49999759]
 [28.6641056   7.0155891 ]
 [56.836602   25.50446022]
 [59.5        53.5       ]
 [59.29211965 81.5249258 ]
 [79.74612239 88.40816051]
 [80.50016646 60.50005688]
 [80.51141552 32.48748321]
[81.         17.        ]
 [81.         18.5       ]
 [81.         20.        ]
 [80.69521836 22.04737193]
 [79.60233826 24.15662141]
 [76.95608209 27.21539692]
 [75.58772501 29.22180591]
 [75.03015643 31.24614744]
 [75.         32.        ]
 [75.         33.5       ]