[ 2.5        95.5       ]
 [18.33257203 79.56639004]
 [26.40574466 63.63278008]
 [26.49752531 47.69917024]
 [26.49904806 31.76555458]
 [26.51950877 15.83206147]
 [35.12224916  6.63586864]
 [50.17854638 20.0191287 ]
 [51.66491897 35.96635791]
 [57.82479417 52.05783786]
[59.         58.75      ]
 [59.         57.25      ]
 [59.         56.        ]
 [59.30478164 53.95262807]
 [60.39766174 51.84337859]
 [63.04391791 48.78460308]
 [64.41227499 46.77819409]
 [64.96984357 44.75385256]
 [65.         43.75      ]
 [65.         42.25      ]