[ 9.5        90.5       ]
 [10.49961355 75.23233405]
 [10.6573113  59.9646681 ]
 [24.17358171 44.69700201]
 [26.51437981 29.42934587]
 [26.38660638 14.16102994]
 [36.20099935  6.89448454]
 [50.4782196  20.35702944]
 [56.43187829 35.63909023]
 [57.40879462 51.05351102]
[59.         58.75      ]
 [59.         57.25      ]
 [59.         56.        ]
 [59.30478164 53.95262807]
 [60.39766174 51.84337859]
 [63.04391791 48.78460308]
 [64.41227499 46.77819409]
 [64.96984357 44.75385256]
 [65.         43.75      ]
 [65.         42.25      ]