[ 1.5        98.5       ]
 [ 2.50055952 78.46661102]
 [10.56828205 58.43322207]
 [23.49359434 38.39984352]
 [23.49065053 18.3691799 ]
 [36.64171571  6.57091263]
 [48.48812279 25.70033895]
 [48.50003627 45.7337234 ]
 [48.52405528 65.76722424]
 [56.62345515 85.82524425]
[59.         94.75      ]
 [59.         93.25      ]
 [59.         92.        ]
 [59.30478164 89.95262807]
 [60.39766174 87.84337859]
 [63.04391791 84.78460308]
 [64.41227499 82.77819409]
 [64.96984357 80.75385256]
 [65.         79.75      ]
 [65.         78.25      ]