[ 9.5        94.5       ]
 [22.67304821 78.46659708]
 [22.49595542 62.43319397]
 [22.49998151 46.39980281]
 [22.50297038 30.36594566]
 [22.54361226 14.32650394]
 [36.63964674  6.96337551]
 [40.49414953 21.72569837]
 [40.50109049 37.76277001]
 [40.46642631 53.95226404]
[41.         58.75      ]
 [41.         57.25      ]
 [41.         56.        ]
 [40.69521836 53.95262807]
 [39.60233826 51.84337859]
 [36.95608209 48.78460308]
 [35.58772501 46.77819409]
 [35.03015643 44.75385256]
 [35.         43.75      ]
 [35.         42.25      ]