[ 0.5        95.5       ]
 [ 3.60858473 72.03352354]
 [20.51929011 48.56704717]
 [26.49623222 25.10055848]
 [33.31987188  6.27050635]
 [57.21170161 25.83668921]
 [59.50150409 49.29885728]
 [59.49015906 72.76651478]
 [70.20112003 94.31561177]
 [79.46199785 78.31823827]
[81.         65.        ]
 [81.         66.5       ]
 [81.         68.        ]
 [80.69521836 70.04737193]
 [79.60233826 72.15662141]
 [76.95608209 75.21539692]
 [75.58772501 77.22180591]
 [75.03015643 79.24614744]
 [75.         80.        ]
 [75.         81.5       ]