[ 9.5        92.5       ]
 [ 9.50003486 78.2710281 ]
 [ 9.49743527 64.04205127]
 [ 9.47754328 49.81333268]
 [ 3.61342885 35.57392471]
 [ 4.27525859 21.70528835]
 [18.8762341  16.13602478]
 [33.07013659  6.44277874]
 [39.30808569 16.36816389]
 [41.50834981 30.95841772]
[41.         34.75      ]
 [41.         33.25      ]
 [41.         32.        ]
 [40.69521836 29.95262807]
 [39.60233826 27.84337859]
 [36.95608209 24.78460308]
 [35.58772501 22.77819409]
 [35.03015643 20.75385256]
 [35.         19.75      ]
 [35.         18.25      ]