[ 2.5        93.5       ]
 [ 5.50514255 77.70168067]
 [ 5.80840733 61.90336106]
 [19.8751235  46.10506293]
 [26.43657978 30.30552753]
 [26.59263369 14.55863471]
 [36.29704467  6.42000938]
 [51.91494378 21.08821285]
 [53.47105896 36.88315038]
 [57.48915838 52.95614529]
[59.         58.75      ]
 [59.         57.25      ]
 [59.         56.        ]
 [59.30478164 53.95262807]
 [60.39766174 51.84337859]
 [63.04391791 48.78460308]
 [64.41227499 46.77819409]
 [64.96984357 44.75385256]
 [65.         43.75      ]
 [65.         42.25      ]