[11.5        95.5       ]
 [16.51187956 77.16972476]
 [16.50904081 58.83944869]
 [13.50897633 40.50917502]
 [ 7.29037779 22.1915651 ]
 [22.14937027 12.95538076]
 [39.48385562  9.48416588]
 [43.45466307 27.81342804]
 [49.08140703 46.14125475]
 [57.48901105 64.47489938]
[59.         70.75      ]
 [59.         69.25      ]
 [59.         68.        ]
 [59.30478164 65.95262807]
 [60.39766174 63.84337859]
 [63.04391791 60.78460308]
 [64.41227499 58.77819409]
 [64.96984357 56.75385256]
 [65.         55.75      ]
 [65.         54.25      ]