[ 4.5        93.5       ]
 [ 5.48753457 75.270073  ]
 [ 9.866938   57.04014695]
 [26.41559005 38.81019089]
 [26.46635387 20.56372141]
 [32.7454883   6.2677859 ]
 [51.06345302 19.87963565]
 [52.49929196 38.10950067]
 [52.48038051 56.3400767 ]
 [57.087965   74.48705003]
[59.         82.75      ]
 [59.         81.25      ]
 [59.         80.        ]
 [59.30478164 77.95262807]
 [60.39766174 75.84337859]
 [63.04391791 72.78460308]
 [64.41227499 70.77819409]
 [64.96984357 68.75385256]
 [65.         67.75      ]
 [65.         66.25      ]