[13.5        92.5       ]
 [13.49291072 64.16863056]
 [ 7.41937313 35.82177959]
 [24.49405553 10.50574691]
 [53.03259055 21.81421256]
 [56.50051206 50.15680478]
 [56.50008005 78.48807292]
 [79.06031881 91.46829815]
 [80.50041246 62.84926431]
 [80.4999198  34.51783941]
[81.         17.        ]
 [81.         18.5       ]
 [81.         20.        ]
 [80.69521836 22.04737193]
 [79.60233826 24.15662141]
 [76.95608209 27.21539692]
 [75.58772501 29.22180591]
 [75.03015643 31.24614744]
 [75.         32.        ]
 [75.         33.5       ]