[ 3.5        93.5       ]
 [ 4.4918345  76.56640626]
 [ 6.56636562 59.63281212]
 [20.6476658  42.69919256]
 [20.49467646 25.76997698]
 [26.13460777  8.75145946]
 [39.99540793 12.10038913]
 [40.50220344 29.03515474]
 [40.50018    45.96823697]
 [40.45191045 63.04661135]
[41.         70.75      ]
 [41.         69.25      ]
 [41.         68.        ]
 [40.69521836 65.95262807]
 [39.60233826 63.84337859]
 [36.95608209 60.78460308]
 [35.58772501 58.77819409]
 [35.03015643 56.75385256]
 [35.         55.75      ]
 [35.         54.25      ]