[13.5        98.5       ]
 [14.49448616 82.03360489]
 [15.88457009 65.56720989]
 [26.5685941  49.10081116]
 [26.50044594 32.63402172]
 [26.60166464 16.22353415]
 [35.34727091  6.17079   ]
 [51.65752036 20.76475209]
 [52.37997681 37.22690372]
 [57.88627543 54.01585984]
[59.         58.75      ]
 [59.         57.25      ]
 [59.         56.        ]
 [59.30478164 53.95262807]
 [60.39766174 51.84337859]
 [63.04391791 48.78460308]
 [64.41227499 46.77819409]
 [64.96984357 44.75385256]
 [65.         43.75      ]
 [65.         42.25      ]