[ 9.5        99.5       ]
 [10.49497469 83.13360324]
 [11.75815179 66.76720654]
 [26.20836483 50.40080738]
 [26.4978506  34.03431251]
 [26.56091175 17.69091357]
 [33.80216396  6.13993318]
 [49.25603883 19.06961552]
 [49.63330738 35.4296431 ]
 [59.73553124 52.00832674]
[59.         58.75      ]
 [59.         57.25      ]
 [59.         56.        ]
 [59.30478164 53.95262807]
 [60.39766174 51.84337859]
 [63.04391791 48.78460308]
 [64.41227499 46.77819409]
 [64.96984357 44.75385256]
 [65.         43.75      ]
 [65.         42.25      ]