[10.5        92.5       ]
 [11.49118536 75.46660119]
 [13.72845702 58.43320185]
 [26.58776314 41.39974779]
 [26.49880723 24.37309505]
 [27.60664896  7.40521666]
 [43.57732254 13.81271014]
 [54.55614533 30.73313761]
 [55.60597265 47.7648625 ]
 [57.89155471 65.03724832]
[59.         70.75      ]
 [59.         69.25      ]
 [59.         68.        ]
 [59.30478164 65.95262807]
 [60.39766174 63.84337859]
 [63.04391791 60.78460308]
 [64.41227499 58.77819409]
 [64.96984357 56.75385256]
 [65.         55.75      ]
 [65.         54.25      ]