[ 7.5        92.5       ]
 [14.49206302 75.46660119]
 [20.40355163 58.43320185]
 [26.52492733 41.39974779]
 [26.50001912 24.37309505]
 [27.60825402  7.40521666]
 [44.68308544 13.81271014]
 [55.56078744 30.73313761]
 [55.50826511 47.7648625 ]
 [57.89297175 65.03724832]
[59.         70.75      ]
 [59.         69.25      ]
 [59.         68.        ]
 [59.30478164 65.95262807]
 [60.39766174 63.84337859]
 [63.04391791 60.78460308]
 [64.41227499 58.77819409]
 [64.96984357 56.75385256]
 [65.         55.75      ]
 [65.         54.25      ]