[ 2.5        95.5       ]
 [ 3.35616303 69.26903741]
 [ 7.503234   43.03550476]
 [13.08362367 20.66853002]
 [39.4240561   8.44527478]
 [59.40113534 34.65510161]
 [59.49917795 60.88590295]
 [61.36493727 87.02928243]
 [80.48479478 84.64651968]
 [80.51373846 58.41316215]
[81.         41.        ]
 [81.         42.5       ]
 [81.         44.        ]
 [80.69521836 46.04737193]
 [79.60233826 48.15662141]
 [76.95608209 51.21539692]
 [75.58772501 53.22180591]
 [75.03015643 55.24614744]
 [75.         56.        ]
 [75.         57.5       ]