[10.5        99.5       ]
 [11.49892401 79.56644518]
 [19.36175275 59.63289033]
 [23.50151937 39.69932611]
 [23.50775019 19.76339643]
 [35.17140519  6.40309777]
 [50.55675623 24.10014867]
 [57.51753412 44.03487599]
 [57.49986123 63.96832563]
 [57.44717749 83.87798283]
[59.         94.75      ]
 [59.         93.25      ]
 [59.         92.        ]
 [59.30478164 89.95262807]
 [60.39766174 87.84337859]
 [63.04391791 84.78460308]
 [64.41227499 82.77819409]
 [64.96984357 80.75385256]
 [65.         79.75      ]
 [65.         78.25      ]