[ 3.5        91.5       ]
 [ 4.29234007 63.60084055]
 [26.7205792  35.70185965]
 [27.65665968  7.41126004]
 [55.3004142  24.10319252]
 [59.50000286 51.99579968]
 [59.40828263 79.91009858]
 [79.60587589 90.20625541]
 [80.52867183 62.30671441]
 [82.84325647 34.39932735]
[89.         17.        ]
 [89.         18.5       ]
 [89.         20.        ]
 [89.30478164 22.04737193]
 [90.39766174 24.15662141]
 [93.04391791 27.21539692]
 [94.41227499 29.22180591]
 [94.96984357 31.24614744]
 [95.         32.        ]
 [95.         33.5       ]