[ 1.5        91.5       ]
 [ 4.47833903 73.56642068]
 [10.45930926 55.63284234]
 [25.40082407 37.69912238]
 [26.52671625 19.74437978]
 [33.14445838  6.45304196]
 [51.50770815 20.07878225]
 [53.59186499 38.03498561]
 [58.45606195 55.96942867]
 [58.46996491 73.99128267]
[59.         82.75      ]
 [59.         81.25      ]
 [59.         80.        ]
 [59.30478164 77.95262807]
 [60.39766174 75.84337859]
 [63.04391791 72.78460308]
 [64.41227499 70.77819409]
 [64.96984357 68.75385256]
 [65.         67.75      ]
 [65.         66.25      ]