[10.5        96.5       ]
 [11.49838407 76.60118044]
 [19.28937678 56.7023607 ]
 [23.50251971 36.80349071]
 [23.54687962 16.89211182]
 [37.9844676   7.23568955]
 [53.59569556 26.89441527]
 [54.2566327  46.79174428]
 [59.11916884 66.6901688 ]
 [59.48708284 86.50818325]
[59.         94.75      ]
 [59.         93.25      ]
 [59.         92.        ]
 [59.30478164 89.95262807]
 [60.39766174 87.84337859]
 [63.04391791 84.78460308]
 [64.41227499 82.77819409]
 [64.96984357 80.75385256]
 [65.         79.75      ]
 [65.         78.25      ]