[ 0.5        96.5       ]
 [16.65470528 80.17010309]
 [25.60869229 63.8402064 ]
 [26.50496165 47.51030012]
 [26.50025258 31.18016876]
 [26.42823146 14.92624793]
 [36.86942339  6.7798037 ]
 [40.52798955 21.80284247]
 [40.49941587 38.1403845 ]
 [40.68740107 54.15728637]
[41.         58.75      ]
 [41.         57.25      ]
 [41.         56.        ]
 [40.69521836 53.95262807]
 [39.60233826 51.84337859]
 [36.95608209 48.78460308]
 [35.58772501 46.77819409]
 [35.03015643 44.75385256]
 [35.         43.75      ]
 [35.         42.25      ]