[ 4.5        90.5       ]
 [ 5.49954082 76.03364269]
 [ 5.32601198 61.56728538]
 [16.88990586 47.10092819]
 [26.6734699  32.63456466]
 [26.5460366  18.16849944]
 [31.20307845  6.11023697]
 [45.51980953 14.82063331]
 [55.54672622 29.2363757 ]
 [58.55332503 43.61826733]
[59.         46.75      ]
 [59.         45.25      ]
 [59.         44.        ]
 [59.30478164 41.95262807]
 [60.39766174 39.84337859]
 [63.04391791 36.78460308]
 [64.41227499 34.77819409]
 [64.96984357 32.75385256]
 [65.         31.75      ]
 [65.         30.25      ]