[ 4.5        96.5       ]
 [ 5.28795354 68.13348379]
 [ 7.48527631 39.75616391]
 [21.59958243 13.39468904]
 [49.93961471 18.96622662]
 [59.49600406 47.33255283]
 [59.50756567 75.69906897]
 [78.50173536 93.36508722]
 [80.41484208 65.56759271]
 [81.60839485 37.20061734]
[89.         17.        ]
 [89.         18.5       ]
 [89.         20.        ]
 [89.30478164 22.04737193]
 [90.39766174 24.15662141]
 [93.04391791 27.21539692]
 [94.41227499 29.22180591]
 [94.96984357 31.24614744]
 [95.         32.        ]
 [95.         33.5       ]