[ 5.5        99.5       ]
 [ 5.49806735 80.70141343]
 [ 5.0970418  61.90282664]
 [14.42758249 43.10421613]
 [14.498499   24.3051079 ]
 [29.47861352  6.87700095]
 [40.4136472  17.31834272]
 [41.50768891 36.0902692 ]
 [41.50005343 54.8889181 ]
 [41.49000961 73.62700526]
[41.         82.75      ]
 [41.         81.25      ]
 [41.         80.        ]
 [40.69521836 77.95262807]
 [39.60233826 75.84337859]
 [36.95608209 72.78460308]
 [35.58772501 70.77819409]
 [35.03015643 68.75385256]
 [35.         67.75      ]
 [35.         66.25      ]